STATIONS_ID;MESS_DATUM;QN_3;  FX;  FM;QN_4; RSK;RSKF; SDK;SHK_TAG;  NM; VPM;  PM; TMK; UPM; TXK; TNK; TGK;eor
        691;20230410;   10;  16.3;   6.6;    9;   5.3;   6;    8.200;-999;   7.8;   8.3; 1016.10;   11.6;   63.00;   17.3;    4.9;    3.4;eor
        691;20230411;   10;  19.4;   5.7;    9;   2.5;   6;    4.400;-999;   5.7;   8.7; 1008.60;    7.4;   84.00;   11.7;    3.4;    0.3;eor
        691;20230412;   10;  15.8;   4.4;    9;   6.8;   6;    0.300;-999;   6.6;   8.6; 1000.00;    6.8;   86.00;   10.6;    2.8;    0.6;eor
        691;20230413;   10;  14.6;   4.5;    9;   1.9;   6;    3.100;-999;   5.8;   8.5; 1001.50;    7.1;   85.00;   11.8;    2.5;   -0.3;eor
        691;20230414;   10;   8.6;   2.8;    9;   0.3;   6;   10.200;-999;   4.2;   8.1; 1009.60;    8.5;   75.00;   14.9;    0.4;   -2.2;eor
        691;20230415;   10;   9.3;   4.3;    9;   4.2;   6;    0.200;-999;   7.8;  10.1; 1012.10;    9.4;   86.00;   13.1;    6.6;    4.8;eor
        691;20230416;   10;   8.9;   4.0;    9;   0.0;   6;    0.000;-999;   8.0;   9.8; 1021.70;   10.2;   79.00;   12.6;    8.1;    7.2;eor
        691;20230417;   10;  11.7;   4.3;    9;   0.0;   6;    8.800;-999;   4.6;   8.3; 1026.40;   10.9;   65.00;   16.6;    7.2;    5.6;eor
        691;20230418;   10;  12.5;   6.0;    9;   0.0;   0;    7.400;-999;   5.6;   8.1; 1029.30;    9.5;   68.00;   12.8;    5.9;    5.4;eor
        691;20230419;   10;  15.8;   6.5;    9;   0.2;   6;   12.300;-999;   3.7;   5.5; 1027.50;    9.1;   50.00;   14.2;    3.1;    0.3;eor
        691;20230420;   10;  17.5;   5.7;    9;   0.0;   6;    1.800;-999;   7.4;   8.4; 1020.60;    8.3;   77.00;   12.3;    5.7;    4.5;eor
        691;20230421;   10;  15.6;   6.3;    9;   0.0;   0;   13.100;-999;   0.8;   8.7; 1015.00;   14.5;   56.00;   21.0;    7.5;    5.9;eor
        691;20230422;   10;  14.6;   4.8;    9;   0.7;   6;    9.300;-999;   6.0;  11.4; 1007.10;   16.2;   63.00;   23.2;   10.5;    8.7;eor
        691;20230423;   10;  10.5;   3.5;    9;   4.5;   6;    5.300;-999;   6.8;  11.5; 1004.40;   12.7;   79.00;   18.7;    8.7;    8.2;eor
        691;20230424;   10;  16.5;   6.5;    9;  10.1;   6;    0.000;-999;   7.8;   9.9; 1001.30;    9.7;   82.00;   11.8;    6.7;    6.3;eor
        691;20230425;   10;  18.7;   6.1;    9;   0.8;   6;    5.800;-999;   5.5;   7.0; 1010.90;    6.2;   74.00;   10.4;    1.9;    0.1;eor
        691;20230426;   10;  11.3;   4.2;    9;   0.0;   6;    3.300;-999;   5.9;   6.7; 1017.10;    5.2;   76.00;    9.0;    0.9;   -1.6;eor
        691;20230427;   10;   7.7;   2.4;    9;   0.0;   0;    8.400;-999;   5.3;   6.6; 1019.80;    6.7;   70.00;   12.5;   -0.3;   -3.0;eor
        691;20230428;   10;  10.1;   4.1;    9;   4.0;   6;    0.600;-999;   8.0;   9.2; 1011.90;    9.5;   77.00;   15.3;    3.8;    2.5;eor
        691;20230429;   10;  11.7;   4.7;    9;   0.0;   0;    7.100;-999;   4.4;   9.4; 1017.30;   10.1;   76.00;   14.7;    4.1;    1.1;eor
        691;20230430;   10;   6.2;   1.9;    9;   0.0;   0;   13.300;-999;   3.2;   7.7; 1022.90;    8.9;   70.00;   15.5;    1.0;   -0.7;eor
        691;20230501;   10;   8.7;   2.9;    9;   0.0;   6;   10.200;-999;   8.0;   8.7; 1015.40;   11.9;   63.00;   19.6;    4.3;    1.0;eor
        691;20230502;   10;  12.7;   5.4;    9;   0.0;   6;    1.400;-999;   7.0;   7.8; 1023.40;    8.3;   71.00;   11.1;    2.9;   -0.3;eor
        691;20230503;   10;   9.1;   2.4;    9;   0.0;   0;    8.500;-999;   6.5;   7.2; 1028.20;    8.4;   68.00;   13.7;    1.9;   -0.9;eor
        691;20230504;   10;   9.6;   4.1;    9;   0.0;   0;   12.500;-999;   8.0;   8.1; 1021.80;   11.7;   61.00;   18.4;    2.8;    0.4;eor
        691;20230505;   10;  10.3;   3.8;    9;  12.1;   6;    4.000;-999;   7.6;  11.2; 1016.20;   12.8;   76.00;   18.4;    8.1;    6.6;eor
        691;20230506;   10;   9.6;   3.0;    9;   0.0;   0;    3.500;-999;   7.7;  12.3; 1017.60;   12.9;   83.00;   17.2;    9.7;    8.6;eor
        691;20230507;   10;  10.8;   5.6;    9;   0.0;   6;    4.900;-999;   7.9;  10.3; 1020.80;   11.6;   76.00;   15.8;    8.8;    8.1;eor
        691;20230508;   10;  11.3;   5.0;    9;   0.0;   0;   11.900;-999;   5.4;  10.3; 1021.70;   14.2;   64.00;   20.3;    7.8;    6.5;eor
        691;20230509;   10;  11.7;   4.7;    9;   1.0;   6;    8.200;-999;   7.1;  12.3; 1012.70;   16.1;   67.00;   21.8;   10.1;    8.8;eor
        691;20230510;   10;  10.8;   3.3;    9;   4.0;   6;    2.600;-999;   7.7;  12.6; 1009.50;   13.9;   79.00;   16.6;   10.6;    9.6;eor
        691;20230511;   10;   7.5;   2.7;    9;   4.0;   6;    0.000;-999;   7.9;  13.6; 1014.90;   13.1;   90.00;   15.1;   10.8;    9.9;eor
        691;20230512;   10;  11.3;   3.5;    9;   0.0;   0;    8.100;-999;   5.1;  11.9; 1018.40;   16.7;   66.00;   22.8;    9.9;    8.1;eor
        691;20230513;   10;  10.1;   3.2;    9;   0.0;   0;   13.400;-999;   0.7;  10.0; 1020.50;   16.6;   55.00;   22.9;    9.3;    5.9;eor
        691;20230514;   10;   9.3;   2.4;    9;   0.4;   6;    9.500;-999;   7.0;  10.7; 1017.00;   15.6;   62.00;   21.6;    7.5;    4.6;eor
        691;20230515;   10;  12.7;   5.0;    9;   0.0;   6;   13.300;-999;   4.4;  11.7; 1012.20;   13.4;   77.00;   19.7;    6.3;    5.1;eor
        691;20230516;   10;  16.5;   6.1;    9;   0.7;   6;    6.800;-999;   6.5;   9.1; 1017.70;   10.4;   73.00;   13.5;    7.5;    6.6;eor
        691;20230517;   10;  12.3;   5.3;    9;   0.0;   6;    2.000;-999;   6.0;   7.4; 1025.40;    9.0;   65.00;   12.4;    6.3;    4.0;eor
        691;20230518;   10;   8.9;   2.6;    9;   0.0;   0;    9.600;-999;   4.2;   7.6; 1028.40;   10.6;   60.00;   16.0;    5.7;    3.1;eor
        691;20230519;   10;   9.3;   3.4;    9;   0.0;   0;    8.700;-999;   6.0;   9.1; 1026.50;   13.2;   62.00;   19.7;    5.3;    1.9;eor
        691;20230520;   10;  11.8;   5.5;    9;   0.9;   6;    7.800;-999;   7.7;  10.3; 1023.90;   14.5;   62.00;   18.5;    9.3;    8.1;eor
        691;20230521;   10;   8.4;   3.7;    9;   0.0;   0;    2.900;-999;   7.8;  14.6; 1017.40;   18.4;   69.00;   25.9;   11.3;   10.3;eor
        691;20230522;   10;   8.4;   3.4;    9;   3.1;   6;    2.800;-999;   7.0;  16.0; 1013.70;   19.0;   73.00;   24.5;   13.9;   13.6;eor
        691;20230523;   10;  15.6;   7.2;    9;   0.0;   6;    3.300;-999;   6.5;  11.0; 1017.80;   12.1;   78.00;   14.7;    6.3;    4.5;eor
        691;20230524;   10;   9.3;   4.3;    9;   0.0;   6;    0.100;-999;   7.3;  10.2; 1022.40;   10.5;   80.00;   13.5;    5.8;    4.0;eor
        691;20230525;   10;  11.0;   4.2;    9;   0.0;   0;    8.700;-999;   4.4;  10.2; 1026.80;   12.1;   73.00;   16.4;    8.6;    5.9;eor
        691;20230526;   10;  10.6;   4.6;    9;   0.0;   0;   10.700;-999;   3.2;   9.3; 1029.70;   11.5;   69.00;   16.1;    7.2;    5.5;eor
        691;20230527;   10;   9.3;   2.0;    9;   0.0;   0;   14.200;-999;   0.6;  10.9; 1026.20;   14.6;   68.00;   21.8;    5.7;    2.9;eor
        691;20230528;   10;  11.5;   3.8;    9;   0.0;   0;   13.700;-999;   2.6;  11.6; 1021.40;   15.5;   68.00;   22.1;    9.1;    6.3;eor
        691;20230529;   10;  11.3;   5.0;    9;   0.0;   0;   14.400;-999;   5.7;   9.6; 1024.60;   12.5;   67.00;   17.4;    8.3;    7.1;eor
        691;20230530;   10;   7.9;   3.3;    9;   0.0;   6;    0.200;-999;   6.6;  11.3; 1026.40;   12.7;   77.00;   16.6;    6.5;    4.9;eor
        691;20230531;   10;   9.6;   3.6;    9;   0.0;   6;   14.000;-999;   6.1;  12.0; 1025.00;   14.8;   73.00;   22.3;    7.6;    3.0;eor
        691;20230601;   10;  10.8;   5.8;    9;   0.0;   6;    0.200;-999;   7.9;  10.7; 1021.00;   11.9;   77.00;   14.0;    9.8;    9.5;eor
        691;20230602;   10;   9.9;   3.9;    9;   0.0;   0;    7.100;-999;   4.8;  10.1; 1021.00;   14.5;   62.00;   19.9;    8.7;    4.6;eor
        691;20230603;   10;  10.8;   3.5;    9;   0.0;   0;   15.900;-999;   1.3;   8.3; 1023.10;   14.8;   52.00;   20.6;    5.5;    0.5;eor
        691;20230604;   10;  10.3;   3.4;    9;   0.0;   0;   15.200;-999;   1.0;  10.2; 1022.50;   15.3;   61.00;   22.2;    9.1;    4.9;eor
        691;20230605;   10;  11.7;   3.7;    9;   0.0;   0;   14.800;-999;   0.2;  12.2; 1021.50;   16.1;   69.00;   24.1;    9.3;    8.1;eor
        691;20230606;   10;  10.6;   4.3;    9;   0.0;   0;   15.600;-999;   0.2;  13.0; 1020.30;   17.1;   69.00;   25.0;   11.2;    9.5;eor
        691;20230607;   10;   9.3;   3.7;    9;   0.0;   0;   13.800;-999;   2.6;  12.6; 1020.10;   16.3;   70.00;   23.9;   10.7;    8.9;eor
        691;20230608;   10;   8.7;   3.7;    9;   0.0;   0;   13.400;-999;   2.4;  13.0; 1017.80;   17.8;   66.00;   26.2;   10.3;    9.9;eor
        691;20230609;   10;  10.3;   4.0;    9;   0.0;   0;   15.600;-999;   2.3;  11.7; 1016.50;   21.2;   51.00;   29.0;   12.7;   10.8;eor
        691;20230610;   10;  10.5;   3.6;    9;   0.0;   0;   12.300;-999;   2.1;  13.7; 1017.60;   20.5;   60.00;   29.0;   12.5;   11.0;eor
        691;20230611;   10;   9.6;   4.3;    9;   0.0;   0;   14.500;-999;   2.5;  12.4; 1018.20;   22.8;   47.00;   29.7;   15.8;   12.9;eor
        691;20230612;   10;  10.3;   4.1;    9;   0.0;   0;   15.400;-999;   0.5;  11.1; 1017.40;   21.8;   46.00;   28.5;   13.2;    9.2;eor
        691;20230613;   10;  12.0;   4.4;    9;   0.0;   0;   15.800;-999;   0.0;   9.2; 1016.20;   20.3;   40.00;   26.5;   13.4;    8.7;eor
        691;20230614;   10;  11.8;   4.4;    9;   0.0;   0;   11.500;-999;   1.7;  11.5; 1018.80;   19.7;   52.00;   25.6;   12.9;   10.4;eor
        691;20230615;   10;  11.0;   3.6;    9;   0.0;   4;   10.900;-999;   3.9;  10.8; 1019.20;   19.7;   49.00;   25.7;   12.1;    8.4;eor
        691;20230616;   10;  11.1;   4.2;    9;   0.0;   6;    9.200;-999;   5.9;  14.2; 1016.40;   18.3;   69.00;   25.5;   11.5;    8.7;eor
        691;20230617;   10;   7.2;   2.8;    9;   0.0;   0;    9.500;-999;   3.1;  15.3; 1014.30;   19.0;   72.00;   26.3;   12.4;    9.3;eor
        691;20230618;   10;   5.7;   1.8;    9;   0.1;   6;   14.100;-999;   4.2;  13.5; 1013.00;   21.7;   57.00;   29.0;   10.2;    8.1;eor
        691;20230619;   10;  11.1;   4.2;    9;   0.0;   4;    6.400;-999;   6.8;  15.8; 1011.20;   23.1;   56.00;   28.2;   17.5;   16.0;eor
        691;20230620;   10;  19.0;   3.6;    9;  38.4;   6;    4.900;-999;   7.6;  18.7; 1011.90;   22.0;   72.00;   27.9;   15.7;   13.5;eor
        691;20230621;   10;   9.8;   3.9;    9;   0.0;   0;   10.200;-999;   4.4;  18.1; 1015.10;   21.9;   71.00;   27.1;   16.3;   14.7;eor
        691;20230622;   10;  14.4;   3.6;    9;  52.6;   6;    6.300;-999;   7.3;  18.1; 1016.60;   20.9;   74.00;   27.4;   15.0;   13.1;eor
        691;20230623;   10;  15.4;   4.9;    9;   2.4;   6;    6.000;-999;   6.5;  17.0; 1019.60;   19.0;   79.00;   25.0;   14.8;   12.9;eor
        691;20230624;   10;   8.6;   2.2;    9;   0.0;   0;   10.100;-999;   4.1;  16.1; 1022.90;   20.7;   69.00;   27.3;   11.8;   10.2;eor
        691;20230625;   10;   6.7;   2.2;    9;   0.0;   0;   14.500;-999;   0.9;  17.9; 1017.30;   24.0;   63.00;   29.5;   15.0;   13.0;eor
        691;20230626;   10;  14.6;   5.5;    9;   1.6;   6;   10.500;-999;   3.6;  16.4; 1013.80;   20.3;   69.00;   25.9;   12.7;   10.7;eor
        691;20230627;   10;  15.4;   5.6;    9;   2.3;   6;   12.100;-999;   1.4;  12.6; 1016.90;   17.1;   67.00;   23.4;   10.4;    8.6;eor
        691;20230628;   10;   8.2;   2.9;    9;   0.1;   6;    6.600;-999;   6.6;  14.6; 1017.10;   17.5;   74.00;   21.5;   10.1;    8.6;eor
        691;20230629;   10;   9.4;   2.5;    9;   2.9;   6;    0.000;-999;   7.7;  18.7; 1013.30;   19.3;   84.00;   23.5;   16.4;   15.1;eor
        691;20230630;   10;   8.7;   3.4;    9;   0.1;   6;    5.600;-999;   7.0;  14.5; 1010.80;   18.2;   71.00;   22.8;   14.9;   14.3;eor
        691;20230701;   10;  11.3;   5.0;    9;   4.7;   6;    0.300;-999;   7.5;  15.9; 1003.00;   17.1;   81.00;   19.3;   14.6;   13.1;eor
        691;20230702;   10;  18.2;   7.3;    9;   0.8;   6;    9.000;-999;   5.3;  12.1; 1006.10;   16.9;   64.00;   21.1;   11.9;    8.9;eor
        691;20230703;   10;  14.2;   5.7;    9;   4.8;   6;    4.500;-999;   7.5;  12.3; 1007.40;   15.8;   69.00;   20.3;   12.7;   11.1;eor
        691;20230704;   10;  14.9;   5.6;    9;   6.2;   6;    8.000;-999;   6.6;  12.9; 1010.10;   16.2;   72.00;   20.5;   11.7;   10.5;eor
        691;20230705;   10;  22.5;   8.1;    9;   0.4;   6;    3.600;-999;   6.1;  13.1; 1006.80;   15.4;   75.00;   18.5;   11.5;   10.0;eor
        691;20230706;   10;  11.3;   3.5;    9;   1.2;   6;    8.400;-999;   4.7;  13.7; 1016.40;   16.5;   74.00;   22.0;   11.4;    9.5;eor
        691;20230707;   10;   8.4;   2.3;    9;   0.0;   0;   15.700;-999;   0.9;  13.3; 1020.50;   20.1;   61.00;   28.2;   11.2;    8.0;eor
        691;20230708;   10;   7.5;   3.2;    9;   0.0;   0;   15.200;-999;   1.5;  14.4; 1018.70;   23.8;   52.00;   31.6;   13.8;   10.4;eor
        691;20230709;   10;  25.4;   3.1;    9;   8.1;   6;   11.600;-999;   5.4;  17.7; 1018.00;   24.4;   61.00;   33.1;   17.1;   13.7;eor
        691;20230710;   10;   9.8;   3.4;    9;   0.0;   6;    7.000;-999;   6.3;  18.5; 1018.60;   20.5;   78.00;   24.8;   15.6;   13.1;eor
        691;20230711;   10;  12.7;   4.0;    9;  12.9;   6;   12.700;-999;   6.2;  17.7; 1012.10;   23.0;   66.00;   30.0;   14.8;   12.9;eor
        691;20230712;   10;  20.1;   5.2;    9;   1.3;   6;    6.600;-999;   6.2;  17.7; 1009.10;   18.9;   82.00;   23.2;   13.9;   11.8;eor
        691;20230713;   10;  14.4;   3.8;    9;   5.9;   6;    4.600;-999;   5.1;  15.3; 1014.60;   16.3;   83.00;   21.8;   13.0;   11.1;eor
        691;20230714;   10;   7.9;   2.6;    9;   0.2;   6;    6.800;-999;   5.6;  15.7; 1013.80;   19.0;   74.00;   24.4;   11.3;   10.2;eor
        691;20230715;   10;  15.4;   5.5;    9;   5.4;   6;    9.900;-999;   5.9;  17.7; 1005.50;   23.1;   63.00;   29.4;   17.2;   15.7;eor
        691;20230716;   10;  15.6;   5.6;    9;   0.0;   6;    6.100;-999;   6.6;  15.8; 1011.30;   19.5;   70.00;   22.3;   16.5;   14.8;eor
        691;20230717;   10;  14.7;   4.7;    9;   3.4;   6;    6.900;-999;   6.0;  14.4; 1016.50;   17.1;   74.00;   21.6;   12.0;    9.9;eor
        691;20230718;   10;  11.3;   3.0;    9;   0.0;   6;    8.700;-999;   7.0;  14.9; 1017.70;   17.1;   77.00;   22.3;   11.1;    9.0;eor
        691;20230719;   10;  10.8;   3.2;    9;   6.2;   6;    1.900;-999;   7.9;  15.3; 1012.00;   16.8;   80.00;   22.1;   12.5;   11.1;eor
        691;20230720;   10;  15.3;   3.2;    9;   3.6;   6;    7.600;-999;   5.0;  13.9; 1013.20;   15.6;   80.00;   20.0;   10.7;    9.5;eor
        691;20230721;   10;  19.0;   2.3;    9;   0.0;   6;    6.600;-999;   7.1;  13.3; 1010.30;   15.8;   77.00;   22.6;   10.6;    9.5;eor
        691;20230722;   10;   8.7;   3.3;    9;  10.3;   6;    3.300;-999;   6.2;  14.0; 1011.80;   14.5;   85.00;   19.3;   10.0;    9.0;eor
        691;20230723;   10;  13.4;   4.9;    9;   1.1;   6;    1.100;-999;   7.7;  16.8; 1005.80;   17.1;   87.00;   20.2;   14.2;   13.8;eor
        691;20230724;   10;  13.4;   4.7;    9;   4.5;   6;    4.000;-999;   7.2;  17.2; 1001.30;   18.2;   83.00;   23.3;   12.5;   11.3;eor
        691;20230725;   10;  11.3;   4.1;    9;   0.1;   6;    7.600;-999;   5.1;  12.6; 1005.40;   14.6;   77.00;   20.1;   10.6;    8.2;eor
        691;20230726;   10;  12.7;   4.4;    9;   2.2;   6;    6.600;-999;   6.6;  12.7; 1009.80;   14.6;   77.00;   20.4;   10.5;    8.3;eor
        691;20230727;   10;   7.7;   2.8;    9;  21.4;   6;    0.000;-999;   7.1;  16.7; 1004.60;   15.5;   94.00;   18.1;   10.8;    9.0;eor
        691;20230728;   10;  13.0;   3.3;    9;  11.0;   6;    1.900;-999;   7.1;  20.6; 1004.40;   19.5;   91.00;   24.0;   16.6;   15.1;eor
        691;20230729;   10;  16.3;   3.4;    9;   7.1;   6;    5.300;-999;   6.8;  18.3; 1005.70;   18.7;   86.00;   24.5;   15.2;   13.7;eor
        691;20230730;   10;  16.3;   4.3;    9;   8.9;   6;    5.200;-999;   6.5;  15.7; 1008.40;   16.6;   84.00;   20.6;   13.1;   11.4;eor
        691;20230731;   10;  13.5;   5.5;    9;  15.8;   6;    0.000;-999;   7.7;  17.7; 1003.60;   16.8;   92.00;   19.3;   14.7;   14.2;eor
        691;20230801;   10;  15.1;   5.9;    9;   3.0;   6;    3.900;-999;   7.5;  16.6;  996.70;   17.0;   86.00;   20.3;   15.1;   13.8;eor
        691;20230802;   10;  15.1;   4.1;    9;  19.4;   6;    0.700;-999;   7.6;  16.8;  993.70;   16.4;   90.00;   19.1;   13.4;   12.5;eor
        691;20230803;   10;  13.7;   5.9;    9;   2.0;   6;    5.000;-999;   6.7;  17.4;  995.30;   18.0;   85.00;   22.7;   15.0;   13.7;eor
        691;20230804;   10;   9.3;   4.1;    9;   0.6;   6;    4.100;-999;   6.8;  15.7; 1011.20;   17.2;   81.00;   21.5;   13.0;   11.0;eor
        691;20230805;   10;  11.7;   2.6;    9;  15.8;   6;    7.700;-999;   5.5;  14.1; 1011.90;   16.2;   78.00;   22.1;   10.7;    8.4;eor
        691;20230806;   10;   9.4;   3.1;    9;   5.9;   6;    6.100;-999;   6.3;  15.3; 1005.10;   16.7;   81.00;   22.2;   13.1;   11.5;eor
        691;20230807;   10;  20.1;   7.9;    9;   2.3;   6;    3.600;-999;   6.5;  13.7; 1008.90;   15.1;   80.00;   18.4;   12.0;   10.5;eor
        691;20230808;   10;  19.5;   7.9;    9;   1.7;   6;    6.800;-999;   4.5;  12.5; 1008.80;   15.1;   73.00;   19.6;   10.1;    8.0;eor
        691;20230809;   10;  12.2;   4.9;    9;   0.0;   6;    8.500;-999;   3.3;  12.4; 1014.10;   15.2;   74.00;   20.9;   10.1;    7.9;eor
        691;20230810;   10;   7.4;   2.2;    9;   0.0;   0;   10.400;-999;   4.4;  13.0; 1020.30;   16.0;   73.00;   21.7;    9.2;    7.0;eor
        691;20230811;   10;   7.7;   2.3;    9;   3.1;   6;   10.000;-999;   5.5;  16.9; 1019.00;   21.6;   67.00;   27.5;   16.3;   15.9;eor
        691;20230812;   10;  14.6;   2.8;    9;   7.0;   6;    3.100;-999;   6.6;  20.2; 1014.90;   19.3;   90.00;   23.1;   13.6;   11.5;eor
        691;20230813;   10;  10.8;   3.2;    9;   0.0;   0;    9.400;-999;   5.3;  16.3; 1015.80;   19.0;   75.00;   24.2;   14.1;   11.5;eor
        691;20230814;   10;-999;   1.3;    9;   0.0;   0;    8.500;-999;  -999;  -999; 1014.10;   20.3;-999;   28.0;   12.3;   10.7;eor
        691;20230815;   10;-999;-999;    9;   0.2;   6;    4.800;-999;   6.4;  19.7; 1014.60;   21.1;   79.00;   26.2;   14.4;   12.6;eor
        691;20230816;   10;   8.1;-999;    9;   0.0;   6;    3.200;-999;   6.4;  16.2; 1021.00;   17.9;   80.00;   21.9;   12.5;   11.4;eor
        691;20230817;   10;  11.0;   4.9;    9;   0.0;   6;    0.000;-999;   7.9;  15.7; 1020.30;   16.6;   83.00;   18.0;   16.0;   15.4;eor
        691;20230818;   10;   7.2;   2.8;    9;   0.0;   0;    8.300;-999;  -999;  20.4; 1016.80;   21.4;   83.00;   27.8;   14.7;   12.8;eor
        691;20230819;   10;   8.2;   3.1;    9;   0.9;   6;    4.500;-999;   5.4;  23.5; 1015.60;   23.3;   83.00;   29.0;   15.9;   13.9;eor
        691;20230820;   10;   8.6;   2.2;    9;   0.0;   0;   11.900;-999;  -999;  -999; 1021.40;   20.2;-999;   26.2;   12.8;   11.3;eor
        691;20230821;   10;   5.1;   1.5;    9;   0.0;   0;   10.500;-999;  -999;  -999; 1022.20;   19.2;-999;   25.8;   11.8;   11.0;eor
        691;20230822;   10;   8.2;   2.4;    9;   0.0;   0;   10.500;-999;  -999;  -999; 1019.10;   19.9;-999;   26.2;   14.7;   13.2;eor
        691;20230823;   10;   7.9;   2.5;    9;   0.0;   6;    8.000;-999;  -999;  -999; 1018.90;   19.5;-999;   25.1;   12.9;   12.3;eor
        691;20230824;   10;   6.2;   1.6;    9;   1.2;   6;    7.200;-999;  -999;  -999; 1014.00;   20.4;-999;   26.3;   14.3;   13.0;eor
        691;20230825;   10;   8.6;   2.3;    9;   0.0;   6;    1.300;-999;   6.2;  20.2; 1007.10;   19.8;   87.00;   22.4;   16.5;   14.7;eor
        691;20230826;   10;  13.2;   3.7;    9;   2.1;   6;    5.700;-999;   5.8;  16.1; 1008.90;   17.3;   83.00;   21.2;   12.3;   10.9;eor
        691;20230827;   10;  13.9;   2.9;    9;   1.8;   6;    6.600;-999;   4.5;  13.9; 1008.10;   14.2;   86.00;   20.1;   10.0;    9.0;eor
        691;20230828;   10;   8.7;   3.6;    9;   0.0;   0;    8.700;-999;  -999;  13.5; 1010.60;   15.6;   78.00;   20.5;   10.1;    8.7;eor
        691;20230829;   10;   5.1;   1.6;    9;   0.0;   0;    5.700;-999;   7.3;  13.3; 1010.30;   13.7;   87.00;   19.5;    7.6;    7.1;eor
        691;20230830;   10;   8.9;   2.9;    9;   3.1;   6;    2.500;-999;   6.9;  13.9; 1005.40;   14.1;   87.00;   18.9;   10.8;    9.5;eor
        691;20230831;   10;  10.1;   3.3;    9;   3.7;   6;    2.700;-999;   4.5;  12.7; 1007.90;   12.3;   89.00;   17.2;    8.8;    6.5;eor
        691;20230901;   10;   3.6;   1.1;    9;   0.0;   0;    6.500;-999;  -999;  -999; 1013.30;   14.0;-999;   20.0;    6.5;    4.6;eor
        691;20230902;   10;   7.0;   1.8;    9;   0.0;   0;    5.200;-999;  -999;  -999; 1020.50;   15.0;-999;   21.3;    8.1;    7.1;eor
        691;20230903;   10;   6.7;   1.8;    9;   0.0;   0;   10.500;-999;  -999;  -999; 1027.10;   15.3;-999;   21.6;    8.6;    7.5;eor
        691;20230904;   10;   7.2;   2.3;    9;   0.0;   0;   12.200;-999;  -999;  -999; 1026.60;   16.8;-999;   25.2;    7.7;    6.0;eor
        691;20230905;   10;   5.5;   2.0;    9;   0.0;   0;   12.400;-999;  -999;  -999; 1021.00;   20.5;-999;   30.3;   12.5;   10.0;eor
        691;20230906;   10;   6.2;   2.3;    9;   0.0;   0;   12.600;-999;  -999;  -999; 1021.10;   21.9;-999;   30.9;   14.9;   12.4;eor
        691;20230907;   10;   9.8;   3.7;    9;   0.0;   0;   12.200;-999;  -999;  -999; 1021.20;   21.9;-999;   29.6;   13.7;   11.3;eor
        691;20230908;   10;   7.7;   2.6;    9;   0.0;   0;   12.100;-999;  -999;  -999; 1017.70;   21.6;-999;   30.8;   14.8;   11.9;eor
        691;20230909;   10;   6.2;   1.6;    9;   0.1;   4;   11.900;-999;  -999;  -999; 1016.00;   21.6;-999;   30.6;   13.8;   10.9;eor
        691;20230910;   10;-999;   1.7;    9;   0.0;   4;    8.400;-999;  -999;  -999; 1017.30;   19.5;-999;   26.9;   13.2;   12.2;eor
        691;20230911;   10;-999;   2.7;    9;  -999;   4;   10.800;-999;  -999;  -999;    -999;   22.2;-999;   31.2;   15.0;   12.0;eor
        691;20230912;   10;-999;-999;    9;  -999;-999;    4.100;-999;  -999;  -999;    -999;   19.2;-999;   22.9;   17.3;   14.3;eor
        691;20230913;   10;  11.1;-999;    9;   0.8;   4;    3.000;-999;  -999;  -999;    -999;   15.2;-999;   18.2;    9.1;    6.4;eor
        691;20230914;   10;-999;-999;    9;   0.0;   0;    4.700;-999;  -999;  -999; 1022.60;   12.6;-999;   18.7;    8.2;    5.2;eor
        691;20230915;   10;-999;-999;    9;   0.0;   0;   11.100;-999;  -999;  -999;    -999;   14.5;-999;   22.2;    6.9;    4.4;eor
        691;20230916;   10;-999;-999;    9;   0.0;   0;    7.000;-999;  -999;  -999;    -999;   17.5;-999;   26.2;   11.5;    8.9;eor
        691;20230917;   10;-999;-999;    9;   1.5;   6;    6.300;-999;  -999;  -999;    -999;   19.2;-999;   25.3;   13.2;   10.9;eor
        691;20230918;   10;  18.2;-999;    9;   1.1;   6;    3.700;-999;  -999;  -999;    -999;   19.4;-999;   24.2;   15.8;   14.3;eor
        691;20230919;   10;  17.5;   8.2;    9;   0.0;   6;    5.800;-999;   7.1;  13.6; 1006.20;   16.7;   72.00;   19.6;   12.9;   12.0;eor
        691;20230920;   10;  14.2;   6.1;    9;   0.0;   0;    5.900;-999;   7.0;  15.2; 1005.60;   18.8;   70.00;   22.7;   16.0;   14.1;eor
        691;20230921;   10;  15.4;   4.5;    9;   0.7;   6;    5.300;-999;   5.5;  16.0;  998.30;   19.1;   73.00;   24.0;   15.4;   13.9;eor
        691;20230922;   10;  12.5;   4.1;    9;   0.1;   6;    2.600;-999;   6.5;  13.7; 1000.80;   15.0;   81.00;   18.7;   11.2;    8.4;eor
        691;20230923;   10;  11.3;   4.1;    9;   0.1;   6;    3.600;-999;   5.5;  13.0; 1012.10;   13.1;   87.00;   17.3;    9.8;    6.8;eor
        691;20230924;   10;   8.2;   2.9;    9;   0.0;   4;    7.100;-999;   3.0;  12.0; 1024.30;   13.5;   80.00;   19.5;    7.5;    4.8;eor
        691;20230925;   10;   9.1;   3.4;    9;   0.0;   0;    8.700;-999;   5.0;  11.9; 1023.20;   14.4;   74.00;   20.1;    9.9;    7.2;eor
        691;20230926;   10;   6.2;   1.9;    9;   0.0;   0;    8.700;-999;   6.4;  12.6; 1020.90;   15.1;   75.00;   22.4;    8.1;    5.4;eor
        691;20230927;   10;   5.7;   1.8;    9;   0.0;   0;    8.800;-999;   5.8;  15.2; 1018.40;   17.0;   80.00;   23.0;    9.5;    6.6;eor
        691;20230928;   10;   9.3;   2.9;    9;   0.0;   6;    7.900;-999;   5.8;  16.1; 1015.50;   17.8;   80.00;   22.3;   14.2;   12.5;eor
        691;20230929;   10;  14.6;   4.1;    9;   0.5;   6;    1.400;-999;   6.1;  16.8; 1015.70;   17.3;   85.00;   23.7;   10.4;    7.2;eor
        691;20230930;   10;   9.4;   2.8;    9;   0.0;   6;    7.400;-999;   6.3;  13.2; 1024.10;   14.2;   83.00;   19.1;    9.3;    6.9;eor
        691;20231001;   10;   7.2;   2.8;    9;   0.2;   6;    0.000;-999;   7.8;  15.0; 1021.50;   15.7;   84.00;   19.7;   10.7;    9.1;eor
        691;20231002;   10;   7.2;   2.7;    9;   0.0;   0;    3.200;-999;   7.5;  17.4; 1017.70;   18.1;   84.00;   23.2;   14.2;   12.2;eor
        691;20231003;   10;  17.0;   6.1;    9;   1.3;   6;    0.600;-999;   7.0;  15.1; 1011.40;   15.7;   84.00;   20.3;   11.7;   10.3;eor
        691;20231004;   10;  13.9;   6.4;    9;   0.0;   6;    4.300;-999;   6.8;  12.6; 1021.80;   14.0;   79.00;   17.6;   11.5;   10.1;eor
        691;20231005;   10;  12.9;   4.7;    9;   9.4;   6;    0.600;-999;   7.5;  14.3; 1021.10;   13.9;   90.00;   15.7;   12.4;   11.2;eor
        691;20231006;   10;  14.6;   7.1;    9;   0.6;   6;    0.400;-999;   7.6;  14.2; 1019.10;   15.5;   81.00;   18.4;   12.3;   11.1;eor
        691;20231007;   10;  14.1;   6.9;    9;   3.0;   6;    0.000;-999;   7.8;  16.1; 1016.40;   16.0;   88.00;   18.5;   10.9;   10.9;eor
        691;20231008;   10;   5.1;   1.8;    9;   7.6;   6;    3.900;-999;   7.7;  11.9; 1023.80;   13.0;   80.00;   16.4;   10.6;   10.5;eor
        691;20231009;   10;  10.6;   3.9;    9;   6.0;   6;    0.000;-999;   7.8;  15.3; 1016.90;   14.1;   94.00;   17.4;   11.5;   11.3;eor
        691;20231010;   10;   7.2;   2.9;    9;   0.6;   6;    1.100;-999;   7.9;  15.6; 1016.10;   15.9;   87.00;   19.3;   11.6;   10.4;eor
        691;20231011;   10;  15.3;   6.3;    9;  15.3;   6;    3.200;-999;   7.5;  15.7; 1009.40;   16.8;   81.00;   18.7;   14.6;   13.3;eor
        691;20231012;   10;  11.1;   2.5;    9;   2.4;   6;    3.200;-999;   7.2;  13.0; 1012.10;   13.1;   87.00;   15.9;   10.6;   10.1;eor
        691;20231013;   10;  21.1;   6.7;    9;  13.6;   6;    0.200;-999;   7.8;  17.7; 1002.80;   17.9;   87.00;   22.2;   13.8;   13.5;eor
        691;20231014;   10;  16.8;   7.1;    9;   2.0;   6;    8.000;-999;   3.9;  10.1; 1006.90;   10.8;   77.00;   14.8;    5.2;    3.7;eor
        691;20231015;   10;  13.7;   5.6;    9;   4.6;   6;    5.000;-999;   3.7;   8.2; 1016.80;    6.8;   84.00;   10.7;    4.3;    2.5;eor
        691;20231016;   10;   7.5;   2.6;    9;   1.2;   6;    1.400;-999;   7.0;   9.4; 1020.80;    7.4;   91.00;   11.0;    4.1;    2.5;eor
        691;20231017;   10;   6.7;   1.6;    9;   0.0;   0;    5.900;-999;   4.0;   8.6; 1020.50;    7.5;   84.00;   12.7;    2.2;   -0.2;eor
        691;20231018;   10;  12.7;   4.7;    9;  18.2;   6;    5.100;-999;   7.4;   7.8; 1010.40;    6.9;   80.00;   11.1;    0.8;   -1.1;eor
        691;20231019;   10;  12.5;   5.8;    9;   5.5;   6;    0.000;-999;   7.7;   9.6;  995.50;    7.3;   94.00;    8.6;    6.7;    6.5;eor
        691;20231020;   10;  16.1;   7.8;    9;  27.0;   6;    0.000;-999;   7.8;   9.1;  987.30;    6.6;   93.00;    7.6;    5.9;    5.6;eor
        691;20231021;   10;  11.5;   3.7;    9;   1.3;   6;    3.600;-999;   5.8;  11.8;  993.80;   11.2;   89.00;   16.6;    7.4;    7.3;eor
        691;20231022;   10;  15.4;   4.0;    9;   0.2;   6;    1.300;-999;   5.5;  10.8; 1004.90;   10.9;   83.00;   15.2;    6.7;    3.6;eor
        691;20231023;   10;   6.5;   1.9;    9;   1.1;   6;    1.600;-999;   7.3;  10.3; 1012.30;    8.2;   95.00;   11.8;    4.4;    2.5;eor
        691;20231024;   10;   8.2;   3.4;    9;   0.7;   6;    0.000;-999;   6.7;  12.2; 1002.60;   11.2;   92.00;   13.6;    8.1;    5.7;eor
        691;20231025;   10;   7.7;   3.4;    9;   6.9;   6;    4.700;-999;   5.2;  10.9;  998.00;   10.1;   89.00;   13.8;    6.1;    2.8;eor
        691;20231026;   10;   8.1;   3.3;    9;   0.3;   6;    0.000;-999;   7.7;  11.5;  994.90;   10.0;   93.00;   11.7;    9.1;    8.8;eor
        691;20231027;   10;   6.7;   3.2;    9;   5.3;   6;    0.000;-999;   7.6;  11.3;  993.50;    9.3;   96.00;   10.1;    8.8;    8.7;eor
        691;20231028;   10;   7.2;   2.8;    9;   5.8;   6;    0.000;-999;   7.4;  11.8;  996.90;   10.0;   96.00;   12.1;    8.4;    6.0;eor
        691;20231029;   10;  14.4;   5.7;    9;   2.3;   6;    3.800;-999;   6.3;  12.1;  993.20;   12.7;   82.00;   16.0;    9.7;    9.1;eor
        691;20231030;   10;  10.8;   4.2;    9;   6.5;   6;    4.800;-999;   6.2;  11.9;  998.20;   12.5;   82.00;   15.4;   10.6;    8.9;eor
        691;20231031;   10;  15.9;   4.2;    9;   2.7;   6;    1.000;-999;   7.5;  11.6;  998.10;   10.1;   93.00;   12.5;    6.7;    5.6;eor
        691;20231101;   10;  11.8;   4.3;    9;   0.5;   6;    0.100;-999;   7.9;  12.0;  999.80;   11.3;   89.00;   14.1;    8.2;    7.9;eor
        691;20231102;   10;  17.8;   7.0;    9;   0.0;   6;    1.100;-999;   7.0;  10.0;  982.90;   11.4;   74.00;   14.0;    8.9;    7.0;eor
        691;20231103;   10;  17.5;   6.3;    9;   0.0;   6;    1.400;-999;   6.1;   9.1;  982.60;    9.8;   75.00;   11.7;    6.2;    4.4;eor
        691;20231104;   10;  12.0;   5.9;    9;   1.5;   6;    0.600;-999;   6.1;   8.8;  981.10;    8.3;   80.00;   11.5;    5.7;    4.0;eor
        691;20231105;   10;  16.8;   5.0;    9;   8.2;   6;    0.300;-999;   7.7;  11.2;  976.70;   10.0;   91.00;   11.8;    8.7;    7.3;eor
        691;20231106;   10;  13.7;   7.1;    9;   0.5;   6;    0.600;-999;   6.4;  10.0;  997.10;    9.9;   82.00;   11.8;    8.4;    7.0;eor
        691;20231107;   10;  12.2;   5.6;    9;   2.8;   6;    2.700;-999;   6.4;   9.8; 1006.30;    9.4;   83.00;   12.5;    7.6;    5.8;eor
        691;20231108;   10;  16.5;   6.5;    9;   4.8;   6;    2.100;-999;   7.0;   9.6; 1007.80;    9.0;   84.00;   11.1;    7.4;    6.4;eor
        691;20231109;   10;  11.8;   4.9;    9;   2.5;   6;    0.900;-999;   7.5;  10.4;  999.30;    9.2;   89.00;   11.0;    7.1;    5.9;eor
        691;20231110;   10;  10.3;   4.5;    9;   1.5;   6;    0.600;-999;   7.7;   9.3;  995.90;    7.8;   87.00;   10.0;    6.4;    5.5;eor
        691;20231111;   10;   9.8;   3.4;    9;   2.6;   6;    0.000;-999;   7.8;   9.3; 1000.00;    7.0;   93.00;    7.6;    5.7;    4.4;eor
        691;20231112;   10;   6.9;   3.3;    9;   0.0;   6;    2.200;-999;   5.4;   8.5; 1005.50;    5.7;   93.00;    9.0;    1.8;   -0.8;eor
        691;20231113;   10;  17.1;   4.4;    9;   6.6;   6;    0.400;-999;   6.7;   8.7; 1001.00;    5.9;   93.00;   11.8;    0.4;   -2.0;eor
        691;20231114;   10;  21.3;   8.3;    9;   5.2;   6;    0.600;-999;   7.3;  11.3;  997.00;   10.9;   86.00;   13.0;    8.6;    7.8;eor
        691;20231115;   10;  11.7;   3.7;    9;   0.7;   6;    0.700;-999;   7.5;  10.0; 1009.00;    8.1;   92.00;   10.9;    4.0;    2.2;eor
        691;20231116;   10;  14.9;   4.3;    9;   0.0;   6;    3.300;-999;   5.6;   8.0; 1011.50;    6.2;   83.00;    9.4;   -0.6;   -2.4;eor
        691;20231117;   10;   6.7;   2.2;    9;   0.0;   0;    4.800;-999;   5.0;   7.1; 1018.20;    3.4;   90.00;    8.4;   -0.8;   -3.1;eor
        691;20231118;   10;  12.2;   3.7;    9;   7.5;   6;    0.000;-999;   7.1;   7.7; 1019.30;    3.8;   95.00;    6.6;   -2.2;   -3.2;eor
        691;20231119;   10;  13.4;   5.7;    9;  20.9;   6;    0.700;-999;   7.4;  11.7; 1004.30;   10.5;   92.00;   12.1;    6.6;    6.4;eor
        691;20231120;   10;  11.5;   3.9;    9;  16.9;   6;    0.000;-999;   7.6;  11.8; 1005.30;   10.1;   95.00;   11.2;    8.3;    8.1;eor
        691;20231121;   10;   8.2;   3.9;    9;   0.0;   6;    0.000;-999;   7.2;   8.7; 1017.80;    6.6;   88.00;    9.0;    2.7;    1.2;eor
        691;20231122;   10;  14.4;   3.1;    9;   0.2;   6;    0.600;-999;   7.5;   6.2; 1026.80;    2.4;   85.00;    6.1;   -1.7;   -3.6;eor
        691;20231123;   10;  19.0;   9.5;    9;   5.7;   6;    0.000;-999;   7.5;  10.8; 1011.60;    9.7;   89.00;   12.7;    6.1;    5.3;eor
        691;20231124;   10;  19.4;   8.0;    9;   8.7;   8;    2.600;-999;   4.2;   6.7; 1003.20;    4.4;   80.00;    6.6;    0.2;   -2.0;eor
        691;20231125;   10;  13.7;   4.5;    9;   3.5;   6;    5.300;-999;   3.2;   6.1; 1007.60;    2.6;   83.00;    6.5;   -2.4;   -4.5;eor
        691;20231126;   10;   4.6;   1.6;    9;   3.2;   6;    0.000;-999;   7.1;   6.9; 1011.60;    2.0;   96.00;    5.0;   -2.2;   -4.8;eor
        691;20231127;   10;  13.9;   4.8;    9;   7.5;   8;    0.000;-999;   7.5;   7.2; 1001.70;    3.2;   93.00;    4.9;    0.5;    0.1;eor
        691;20231128;   10;  12.5;   4.6;    9;   0.8;   8;    0.200;-999;   7.0;   4.9; 1003.20;   -0.3;   83.00;    0.6;   -2.7;   -5.0;eor
        691;20231129;   10;  12.3;   4.4;    9;   0.5;   8;    0.000;-999;   6.5;   5.6;  999.10;   -0.2;   92.00;    1.5;   -3.7;   -6.2;eor
        691;20231130;   10;   4.6;   1.6;    9;   0.0;   8;    0.000;-999;   7.2;   4.8; 1002.80;   -2.8;   96.00;   -2.1;   -4.6;   -6.4;eor
        691;20231201;   10;   4.6;   1.6;    9;   0.0;   7;    0.200;-999;   7.0;   4.4; 1007.60;   -2.8;   89.00;   -1.6;   -6.1;   -7.5;eor
        691;20231202;   10;   5.7;   2.4;    9;   1.9;   8;    0.000;-999;   7.9;   5.1; 1012.20;   -1.5;   93.00;   -0.3;   -2.6;   -5.5;eor
        691;20231203;   10;   7.2;   2.0;    9;   0.4;   7;    0.000;-999;   7.3;   5.7; 1019.10;   -0.1;   93.00;    1.0;   -1.4;   -2.4;eor
        691;20231204;   10;  10.6;   4.7;    9;   1.2;   8;    0.000;-999;   7.4;   4.8; 1010.70;   -0.2;   81.00;    1.0;   -1.4;   -2.0;eor
        691;20231205;   10;   8.4;   4.2;    9;   3.1;   8;    0.000;-999;   7.5;   5.7; 1004.40;   -0.2;   95.00;    0.7;   -1.0;   -1.0;eor
        691;20231206;   10;   4.6;   2.4;    9;   3.8;   8;    0.000;-999;   7.8;   6.1; 1011.20;    0.4;   98.00;    1.1;   -0.3;   -0.2;eor
        691;20231207;   10;   7.2;   1.9;    9;   0.0;   0;    0.300;-999;   7.9;   6.3; 1017.70;    1.1;   95.00;    2.5;   -1.1;   -3.9;eor
        691;20231208;   10;   8.7;   3.7;    9;   3.8;   8;    0.000;-999;   7.7;   5.9; 1009.30;    0.7;   92.00;    3.0;   -0.2;   -0.8;eor
        691;20231209;   10;  12.9;   4.9;    9;   9.0;   6;    2.800;-999;   7.2;   8.3; 1002.80;    5.4;   93.00;    7.3;    2.7;    1.2;eor
        691;20231210;   10;  14.4;   6.3;    9;  14.8;   6;    0.000;-999;   7.8;   9.6;  997.30;    7.7;   91.00;    9.0;    6.7;    5.7;eor
        691;20231211;   10;  15.8;   6.2;    9;   2.8;   6;    0.000;-999;   7.5;  10.2;  997.20;    8.5;   91.00;    9.5;    6.9;    6.3;eor
        691;20231212;   10;   8.7;   3.2;    9;   2.6;   6;    0.000;-999;   7.8;   8.6; 1003.60;    5.7;   94.00;    7.1;    2.6;    0.8;eor
        691;20231213;   10;   9.9;   4.0;    9;   1.1;   6;    0.000;-999;   7.9;   8.7;  999.70;    5.7;   95.00;    6.7;    4.1;    3.9;eor
        691;20231214;   10;   8.6;   2.6;    9;   0.6;   6;    0.000;-999;   7.9;   7.2; 1017.20;    4.1;   88.00;    5.2;    2.2;    0.0;eor
        691;20231215;   10;   9.3;   3.8;    9;   0.0;   6;    0.000;-999;   7.7;   8.8; 1030.50;    6.1;   93.00;    8.4;    3.4;    2.1;eor
        691;20231216;   10;  11.5;   5.8;    9;   0.0;   6;    0.000;-999;   7.9;   9.3; 1034.80;    7.4;   90.00;    9.5;    5.3;    3.0;eor
        691;20231217;   10;  13.5;   6.8;    9;   0.0;   6;    0.100;-999;   6.5;   9.6; 1031.60;    8.7;   85.00;   10.0;    5.3;    3.2;eor
        691;20231218;   10;  12.3;   6.6;    9;   1.6;   6;    0.000;-999;   8.0;   9.1; 1026.40;    7.0;   91.00;    7.7;    6.3;    6.0;eor
        691;20231219;   10;  11.3;   5.9;    9;  14.6;   6;    0.000;-999;   7.7;   9.5; 1015.20;    6.8;   95.00;    8.1;    4.7;    3.1;eor
        691;20231220;   10;  18.5;   7.2;    9;   8.1;   6;    1.200;-999;   6.9;   8.4; 1006.80;    6.0;   89.00;    8.6;    4.5;    2.8;eor
        691;20231221;   10;  27.1;  10.4;    9;  14.5;   6;    0.000;-999;   6.8;   9.3;  990.50;    7.9;   86.00;   10.8;    3.9;    2.7;eor
        691;20231222;   10;  21.1;   9.2;    9;   6.8;   6;    0.000;-999;   7.1;   7.0;  995.40;    4.5;   83.00;    6.4;    3.2;    0.7;eor
        691;20231223;   10;  14.2;   5.6;    9;  17.3;   6;    0.000;-999;   7.3;   8.0; 1001.70;    4.9;   92.00;    9.0;    2.8;    1.5;eor
        691;20231224;   10;  24.0;   9.4;    9;   6.6;   6;    0.000;-999;   7.6;  11.8;  997.90;   10.6;   92.00;   13.0;    8.7;    8.1;eor
        691;20231225;   10;  20.6;   7.6;    9;   9.1;   6;    1.300;-999;   7.6;  10.3; 1001.90;    9.9;   85.00;   12.0;    7.5;    6.8;eor
        691;20231226;   10;  17.0;   8.0;    9;   0.4;   6;    0.700;-999;   7.2;   8.8; 1008.50;    7.7;   83.00;    9.7;    2.3;    0.2;eor
        691;20231227;   10;  12.2;   3.8;    9;   1.9;   6;    0.000;-999;   6.8;   7.4; 1015.30;    3.9;   91.00;    8.7;    0.3;   -2.4;eor
        691;20231228;   10;  18.5;   9.4;    9;   0.9;   6;    0.100;-999;   7.8;   9.2; 1006.50;    9.9;   75.00;   11.1;    7.9;    6.4;eor
        691;20231229;   10;  20.9;   8.4;    9;  11.3;   6;    0.600;-999;   7.1;   9.1; 1002.90;    8.4;   82.00;   10.8;    5.4;    3.9;eor
        691;20231230;   10;  13.0;   6.0;    9;   0.0;   6;    1.400;-999;   7.1;   8.2; 1008.30;    6.7;   83.00;    7.8;    5.4;    3.5;eor
        691;20231231;   10;  13.7;   5.4;    9;   0.3;   6;    0.100;-999;   7.8;   8.4; 1000.00;    7.7;   80.00;   10.1;    6.4;    5.1;eor
        691;20240101;   10;  13.7;   6.3;    9;   3.0;   6;    0.300;-999;   6.5;   8.2; 1000.70;    7.1;   82.00;    8.5;    3.6;    1.9;eor
        691;20240102;   10;  13.2;   4.7;    9;  27.5;   6;    0.000;-999;   7.6;   9.5;  991.40;    7.0;   94.00;   11.3;    3.3;    1.6;eor
        691;20240103;   10;  20.4;   8.5;    9;   4.9;   6;    0.300;-999;   7.7;   9.9;  984.90;    8.9;   86.00;   10.7;    6.8;    6.1;eor
        691;20240104;   10;  14.4;   5.1;    9;   0.6;   6;    0.000;-999;   7.6;   6.5;  999.80;    2.9;   85.00;    6.9;    0.4;   -1.2;eor
        691;20240105;   10;  11.1;   5.2;    9;   8.2;   8;    0.000;-999;   7.8;   6.6; 1000.90;    2.0;   93.00;    2.8;    1.3;    0.9;eor
        691;20240106;   10;  10.8;   5.6;    9;   1.6;   8;    0.000;-999;   8.0;   5.7; 1010.20;    0.2;   92.00;    1.8;   -1.3;   -1.1;eor
        691;20240107;   10;  11.7;   5.5;    9;   0.0;   7;    5.000;-999;   4.7;   4.2; 1025.60;   -1.7;   77.00;    0.1;   -3.3;   -4.6;eor
        691;20240108;   10;  13.4;   5.8;    9;   0.0;   7;    4.300;-999;   4.3;   4.0; 1034.20;   -1.8;   75.00;   -0.4;   -4.1;   -5.1;eor
        691;20240109;   10;   7.7;   3.7;    9;   0.0;   0;    7.400;-999;   0.0;   3.4; 1037.00;   -4.3;   77.00;   -1.3;   -6.9;   -8.4;eor
        691;20240110;   10;   7.2;   3.5;    9;   0.0;   7;    7.400;-999;   0.0;   3.4; 1033.30;   -4.7;   79.00;   -1.8;   -6.6;   -8.7;eor
        691;20240111;   10;   5.1;   2.0;    9;   0.0;   6;    0.000;-999;   7.4;   5.0; 1032.60;   -2.6;   96.00;    1.0;   -6.6;   -7.5;eor
        691;20240112;   10;   8.6;   3.5;    9;   0.0;   6;    0.000;-999;   7.9;   6.7; 1029.30;    1.3;   99.00;    3.2;   -0.9;   -0.7;eor
        691;20240113;   10;  15.9;   7.0;    9;   4.1;   6;    0.000;-999;   7.4;   7.3; 1016.80;    3.3;   95.00;    4.8;    2.2;    1.3;eor
        691;20240114;   10;  15.9;   7.0;    9;   5.2;   8;    1.300;-999;   6.8;   6.8; 1003.50;    2.8;   91.00;    4.4;    0.9;   -0.3;eor
        691;20240115;   10;  14.9;   7.6;    9;   6.7;   8;    0.100;-999;   6.8;   6.0;  996.20;    1.1;   91.00;    2.0;   -0.2;   -0.5;eor
        691;20240116;   10;  10.8;   5.3;    9;   0.1;   8;    0.700;-999;   6.2;   5.2; 1004.00;   -0.4;   88.00;    0.9;   -1.9;   -4.3;eor
        691;20240117;   10;   9.8;   3.2;    9;   0.0;   0;    0.300;-999;   7.7;   4.2;  992.90;   -1.6;   78.00;   -0.7;   -4.7;   -8.2;eor
        691;20240118;   10;   8.2;   2.8;    9;   0.0;   8;    6.700;-999;   2.6;   4.6;  998.90;   -2.8;   92.00;    1.2;   -7.3;  -11.5;eor
        691;20240119;   10;  14.6;   6.9;    9;   0.1;   7;    7.400;-999;   4.0;   5.2; 1014.80;    0.8;   81.00;    2.9;   -1.6;   -3.9;eor
        691;20240120;   10;  13.0;   6.0;    9;   0.0;   0;    5.800;-999;   6.4;   5.2; 1024.40;    0.7;   81.00;    2.3;   -0.6;   -3.3;eor
        691;20240121;   10;  16.5;   6.2;    9;   0.9;   6;    0.200;-999;   7.9;   4.9; 1017.80;    3.1;   62.00;    6.8;    0.0;   -2.0;eor
        691;20240122;   10;  19.7;   9.7;    9;   2.7;   6;    0.400;-999;   7.2;   9.0; 1004.30;    8.7;   79.00;   11.2;    6.5;    4.6;eor
        691;20240123;   10;  17.8;   8.6;    9;   4.7;   6;    0.000;-999;   7.4;   8.0; 1015.80;    7.0;   80.00;   10.4;    5.7;    4.6;eor
        691;20240124;   10;  25.4;  13.0;    9;   2.3;   6;    0.000;-999;   6.7;   9.4; 1012.20;    9.9;   76.00;   12.7;    6.7;    5.1;eor
        691;20240125;   10;  14.6;   5.5;    9;   0.0;   6;    2.800;-999;   6.2;   8.1; 1024.50;    6.2;   85.00;    7.6;    4.0;    1.8;eor
        691;20240126;   10;  22.6;   7.2;    9;   4.6;   6;    0.100;-999;   7.2;   9.2; 1020.60;    7.6;   87.00;   10.9;    3.9;    2.4;eor
        691;20240127;   10;  10.8;   4.0;    9;   0.0;   0;    7.500;-999;   2.2;   6.8; 1032.90;    3.7;   85.00;    7.8;    0.0;   -2.7;eor
        691;20240128;   10;   7.5;   2.9;    9;   0.0;   0;    8.200;-999;   5.2;   5.7; 1029.90;    3.0;   76.00;    7.7;   -1.6;   -3.6;eor
        691;20240129;   10;   7.2;   2.5;    9;   0.0;   0;    6.300;-999;   7.7;   6.5; 1025.90;    5.7;   71.00;   10.9;    1.4;   -2.4;eor
        691;20240130;   10;  14.2;   4.4;    9;   0.1;   6;    0.200;-999;   7.9;   8.6; 1025.70;    6.9;   86.00;   11.0;    2.4;   -1.4;eor
        691;20240131;   10;  16.5;   6.4;    9;   1.6;   6;    0.000;-999;   8.0;   7.0; 1028.40;    5.4;   78.00;    6.7;    3.7;    2.8;eor
        691;20240201;   10;  13.2;   6.4;    9;   0.0;   6;    6.700;-999;   3.2;   7.8; 1025.10;    5.6;   86.00;    8.2;    2.8;    1.1;eor
        691;20240202;   10;  13.9;   7.1;    9;   0.2;   6;    0.000;-999;   7.8;   8.8; 1022.80;    7.0;   88.00;   10.1;    4.6;    4.0;eor
        691;20240203;   10;  16.1;   7.9;    9;   1.6;   6;    0.000;-999;   7.7;  10.5; 1019.50;    9.7;   87.00;   11.3;    6.4;    4.8;eor
        691;20240204;   10;  17.8;   7.8;    9;   7.4;   6;    0.000;-999;   7.7;   9.1; 1015.50;    7.7;   87.00;   10.4;    5.6;    4.0;eor
        691;20240205;   10;  19.7;  11.0;    9;   0.0;   6;    0.000;-999;   7.8;  10.0; 1011.60;    9.5;   84.00;   10.4;    8.4;    7.5;eor
        691;20240206;   10;  19.7;  10.0;    9;  14.6;   6;    0.000;-999;   7.5;  10.4; 1002.80;    9.4;   88.00;   11.5;    4.7;    4.1;eor
        691;20240207;   10;  12.3;   4.4;    9;   0.0;   0;    3.200;-999;   7.6;   6.3; 1002.90;    3.7;   79.00;    6.2;   -1.2;   -3.3;eor
        691;20240208;   10;  11.0;   2.3;    9;   8.1;   8;    0.100;-999;   7.3;   5.8;  999.70;    0.9;   90.00;    4.2;   -1.8;   -3.7;eor
        691;20240209;   10;  12.3;   4.3;    9;   7.0;   6;    0.000;-999;   7.8;   8.6;  987.00;    4.9;   96.00;    9.7;    1.2;    1.0;eor
        691;20240210;   10;   9.3;   3.0;    9;   0.0;   0;    3.200;-999;   7.9;  11.0;  988.60;    9.2;   94.00;   12.1;    6.6;    5.0;eor
        691;20240211;   10;   8.6;   3.3;    9;   6.4;   6;    0.000;-999;   8.0;  10.0;  990.70;    7.1;   99.00;    8.1;    6.4;    6.4;eor
        691;20240212;   10;  13.7;   3.6;    9;   0.6;   6;    1.800;-999;   7.2;   9.0; 1001.70;    6.8;   90.00;    9.5;    4.0;    2.5;eor
        691;20240213;   10;  11.3;   4.5;    9;   5.9;   6;    1.100;-999;   7.1;   7.7; 1014.40;    5.7;   84.00;    8.7;    3.2;    1.8;eor
        691;20240214;   10;   9.8;   4.7;    9;   2.3;   6;    0.000;-999;   7.8;  11.2; 1013.40;    9.2;   94.00;   11.6;    5.9;    5.2;eor
        691;20240215;   10;   9.1;   3.2;    9;   1.1;   6;    0.000;-999;   7.8;  13.2; 1013.70;   11.9;   95.00;   12.7;   11.0;    8.8;eor
        691;20240216;   10;  11.5;   4.6;    9;   0.2;   6;    0.100;-999;   7.9;  11.6; 1012.00;   11.5;   85.00;   14.6;    9.6;    6.9;eor
        691;20240217;   10;  12.0;   4.5;    9;   0.0;   6;    3.300;-999;   6.3;   8.5; 1028.30;    7.6;   81.00;    9.8;    4.0;    1.3;eor
        691;20240218;   10;  12.7;   4.2;    9;  14.3;   6;    0.000;-999;   7.5;   9.9; 1023.20;    7.8;   93.00;    9.7;    4.7;    2.5;eor
        691;20240219;   10;  14.1;   6.5;    9;   4.0;   6;    0.700;-999;   7.6;  10.3; 1021.20;    8.4;   93.00;   11.0;    6.4;    6.2;eor
        691;20240220;   10;  11.5;   5.7;    9;   0.7;   6;    0.500;-999;   8.0;   9.2; 1022.90;    8.0;   86.00;    9.7;    5.3;    4.3;eor
        691;20240221;   10;  12.2;   6.4;    9;   5.2;   6;    0.000;-999;   7.8;   9.5; 1011.40;    8.8;   85.00;   10.3;    7.3;    6.6;eor
        691;20240222;   10;  26.6;   6.3;    9;   0.8;   6;    1.400;-999;   7.7;  10.8;  987.60;   10.2;   87.00;   12.3;    7.4;    6.8;eor
        691;20240223;   10;  22.5;   7.7;    9;   0.3;   6;    2.600;-999;   6.8;   7.2;  990.30;    6.5;   75.00;    8.9;    4.3;    2.2;eor
        691;20240224;   10;  12.9;   3.9;    9;   1.2;   6;    2.600;-999;   6.9;   7.0;  998.70;    5.1;   79.00;    9.0;    2.3;   -0.4;eor
        691;20240225;   10;  11.1;   3.5;    9;   0.2;   6;    1.200;-999;   7.5;   7.4; 1001.80;    5.1;   84.00;    8.7;    2.1;   -0.5;eor
        691;20240226;   10;  11.1;   4.5;    9;   0.0;   0;    0.800;-999;   7.6;   7.3; 1007.70;    3.9;   90.00;    7.4;    1.0;   -1.5;eor
        691;20240227;   10;   7.2;   2.5;    9;   0.0;   0;    0.300;-999;   7.5;   6.7; 1018.10;    3.5;   86.00;    5.8;    1.1;   -1.9;eor
        691;20240228;   10;   7.4;   2.7;    9;   0.0;   6;    0.000;-999;   7.0;   6.9; 1019.90;    2.8;   91.00;    6.4;   -1.0;   -3.1;eor
        691;20240229;   10;  10.3;   4.7;    9;   0.0;   0;    3.800;-999;   7.8;   6.9; 1010.60;    7.4;   68.00;   12.2;    2.4;    0.1;eor
        691;20240301;   10;   9.4;   3.9;    9;   0.0;   0;    2.400;-999;   7.0;   8.2; 1003.30;    7.3;   79.00;   11.1;    3.1;    0.9;eor
        691;20240302;   10;   8.4;   4.0;    9;   0.0;   0;    8.100;-999;   7.3;   8.5; 1002.90;    9.2;   73.00;   13.9;    5.4;    3.3;eor
        691;20240303;   10;   7.7;   3.8;    9;   0.0;   0;    8.400;-999;   3.7;   9.2; 1003.30;    9.2;   80.00;   14.0;    3.9;    1.9;eor
        691;20240304;   10;   5.7;   2.0;    9;   2.7;   6;    0.700;-999;   7.5;  10.1; 1009.70;    8.4;   92.00;   11.7;    4.5;    1.8;eor
        691;20240305;   10;  10.1;   4.4;    9;   2.7;   6;    0.000;-999;   8.0;   7.5; 1015.60;    5.7;   82.00;    8.1;    3.8;    3.4;eor
        691;20240306;   10;   7.4;   3.8;    9;   0.0;   0;    1.500;-999;   5.6;   6.6; 1023.80;    5.0;   76.00;    9.0;    1.5;   -0.2;eor
        691;20240307;   10;   8.6;   3.9;    9;   0.0;   0;    0.500;-999;   4.4;   6.5; 1025.80;    2.9;   86.00;    5.4;    0.3;   -1.4;eor
        691;20240308;   10;  12.3;   5.7;    9;   0.0;   0;   10.400;-999;   0.0;   5.5; 1017.00;    4.0;   68.00;    8.9;   -0.8;   -2.1;eor
        691;20240309;   10;  12.3;   5.3;    9;   0.0;   0;   10.200;-999;   1.0;   6.2; 1006.20;    5.1;   71.00;    9.4;    1.2;   -1.3;eor
        691;20240310;   10;  12.9;   5.8;    9;   0.0;   0;    4.100;-999;   6.4;   7.8; 1001.20;    7.2;   77.00;   11.8;    2.6;    1.1;eor
        691;20240311;   10;  10.1;   4.1;    9;   0.0;   6;    0.200;-999;   7.6;   8.6; 1002.60;    8.7;   76.00;   11.3;    5.9;    2.1;eor
        691;20240312;   10;   8.2;   2.7;    9;   0.0;   6;    0.400;-999;   7.0;   9.1; 1012.20;    7.5;   87.00;   10.6;    5.0;    1.0;eor
        691;20240313;   10;   9.3;   3.1;    9;   0.1;   6;    0.300;-999;   7.5;  10.0; 1013.80;    7.9;   92.00;   10.9;    2.3;   -0.4;eor
        691;20240314;   10;  11.7;   4.3;    9;   0.0;   0;    7.100;-999;   7.9;  11.1; 1010.90;   12.7;   76.00;   17.3;   10.3;    8.7;eor
        691;20240315;   10;  12.7;   4.5;    9;   7.2;   6;    1.500;-999;   7.7;  11.9; 1006.20;   12.4;   83.00;   16.4;    9.8;    6.5;eor
        691;20240316;   10;  14.6;   5.9;    9;   0.1;   6;    4.300;-999;   4.6;   8.4; 1015.30;    7.9;   78.00;   11.4;    1.3;   -1.6;eor
        691;20240317;   10;  10.3;   2.8;    9;   0.0;   6;    5.800;-999;   6.7;   7.0; 1022.30;    6.1;   76.00;   10.6;    0.3;   -2.7;eor
        691;20240318;   10;  11.0;   4.6;    9;   0.2;   6;    0.100;-999;   7.8;   7.3; 1017.20;    7.4;   70.00;    9.8;    4.8;    4.4;eor
        691;20240319;   10;   6.5;   2.9;    9;   0.2;   6;    1.200;-999;   7.9;   8.9; 1018.30;    9.7;   72.00;   15.0;    4.9;    3.2;eor
        691;20240320;   10;   4.6;   1.3;    9;   1.3;   6;    2.600;-999;   7.8;  11.4; 1018.40;   12.2;   81.00;   16.4;    7.8;    6.1;eor
        691;20240321;   10;  13.9;   4.8;    9;   0.0;   6;    1.100;-999;   7.8;  10.0; 1020.40;    9.2;   86.00;   11.5;    6.6;    4.7;eor
        691;20240322;   10;  14.2;   5.0;    9;   2.0;   6;    0.000;-999;   7.8;  10.6; 1013.50;    9.4;   89.00;   11.2;    5.8;    4.8;eor
        691;20240323;   10;  19.0;   4.9;    9;   2.0;   6;    6.200;-999;   5.4;   7.5; 1005.10;    5.6;   83.00;    9.5;    3.3;    1.9;eor
        691;20240324;   10;  15.6;   6.8;    9;  14.2;   6;    0.300;-999;   7.3;   7.9;  998.30;    5.4;   88.00;    7.8;    3.1;    1.8;eor
        691;20240325;   10;  11.1;   3.6;    9;   0.0;   6;    3.800;-999;   7.1;   7.3; 1004.10;    6.6;   76.00;   10.6;    2.4;    0.0;eor
        691;20240326;   10;  11.7;   4.9;    9;   0.0;   0;    4.200;-999;   7.7;   7.0;  995.00;    7.3;   69.00;   10.7;    2.3;    0.8;eor
        691;20240327;   10;   8.4;   3.0;    9;  11.4;   6;    6.500;-999;   7.4;   9.0;  986.80;   10.1;   74.00;   16.2;    4.2;    1.8;eor
        691;20240328;   10;  18.5;   4.3;    9;   2.8;   6;    2.400;-999;   6.7;   9.1;  987.00;    7.8;   86.00;   12.3;    5.7;    5.2;eor
        691;20240329;   10;  11.3;   4.5;    9;   0.1;   6;    1.300;-999;   7.0;   9.6;  994.60;   10.0;   77.00;   14.5;    6.5;    4.8;eor
        691;20240330;   10;   7.5;   3.3;    9;   0.0;   0;    2.200;-999;   7.4;  11.3;  997.40;   12.7;   77.00;   19.5;    7.4;    4.9;eor
        691;20240331;   10;   8.7;   2.6;    9;   1.2;   6;    2.300;-999;   7.7;  10.8;  998.80;   10.5;   85.00;   13.9;    7.6;    5.2;eor
        691;20240401;   10;   9.8;   3.6;    9;  13.1;   6;    0.000;-999;   7.5;  11.1;  994.90;    9.8;   92.00;   11.3;    8.1;    6.9;eor
        691;20240402;   10;  13.2;   6.2;    9;   0.1;   6;    4.000;-999;   7.0;  10.0; 1002.80;   10.0;   82.00;   12.6;    7.6;    5.9;eor
        691;20240403;   10;   9.1;   3.5;    9;   6.0;   6;    0.000;-999;   7.8;  11.4; 1004.50;   10.3;   91.00;   12.2;    8.6;    8.0;eor
        691;20240404;   10;  19.9;   5.5;    9;   6.2;   6;    1.500;-999;   7.6;  11.1; 1004.00;   11.3;   83.00;   15.1;    8.2;    6.9;eor
        691;20240405;   10;  14.7;   4.8;    9;   3.0;   6;    1.800;-999;   7.2;  12.2; 1008.10;   12.8;   82.00;   16.3;    8.8;    5.9;eor
        691;20240406;   10;  11.0;   3.9;    9;   0.0;   0;    5.400;-999;   7.4;  13.7; 1010.40;   16.6;   73.00;   22.9;    9.4;    7.1;eor
        691;20240407;   10;  13.4;   4.7;    9;   5.2;   6;    8.700;-999;   6.6;  12.0; 1011.80;   17.0;   63.00;   21.2;   12.8;   10.1;eor
        691;20240408;   10;   7.2;   2.1;    9;   0.0;   6;    4.100;-999;   7.1;  14.5; 1009.20;   15.1;   85.00;   18.9;   12.4;   10.2;eor
        691;20240409;   10;  14.9;   5.3;    9;   1.4;   6;    0.100;-999;   7.4;  12.1; 1008.30;   13.1;   79.00;   16.3;    9.1;    7.9;eor
        691;20240410;   10;  15.3;   5.3;    9;   0.0;   6;    5.600;-999;   4.9;   9.0; 1024.70;   10.6;   71.00;   14.8;    6.6;    3.6;eor
        691;20240411;   10;   9.9;   4.6;    9;   2.3;   6;    0.000;-999;   7.8;  11.3; 1029.10;   11.9;   80.00;   14.5;    8.3;    6.8;eor
        691;20240412;   10;  12.7;   4.8;    9;   0.0;   0;    4.100;-999;   7.8;  13.0; 1027.50;   14.9;   77.00;   19.3;   11.4;    8.1;eor
        691;20240413;   10;  15.9;   5.0;    9;   0.0;   0;    9.300;-999;   7.7;  13.7; 1020.70;   16.3;   74.00;   21.5;   11.3;    9.0;eor
        691;20240414;   10;  14.2;   6.0;    9;   0.0;   0;    8.000;-999;   7.5;   8.7; 1018.40;   11.6;   64.00;   15.0;    6.0;    5.0;eor
        691;20240415;   10;  16.1;   5.2;    9;   4.1;   6;    4.200;-999;   7.0;   8.4; 1003.90;    8.0;   79.00;   13.6;    4.3;    3.6;eor
        691;20240416;   10;  11.1;   4.9;    9;   0.5;   6;    2.000;-999;   6.9;   8.1; 1000.60;    7.2;   80.00;   10.9;    4.2;    2.6;eor
        691;20240417;   10;  11.1;   3.4;    9;   0.3;   6;    4.600;-999;   7.0;   7.6; 1009.20;    6.3;   80.00;   10.3;    1.6;   -0.4;eor
        691;20240418;   10;  12.5;   3.7;    9;   5.2;   6;    6.100;-999;   5.4;   7.3; 1015.50;    6.5;   77.00;   12.6;   -0.8;   -2.1;eor
        691;20240419;   10;  17.3;   7.5;    9;   1.8;   6;    3.000;-999;   7.5;   8.5; 1004.80;    7.6;   82.00;   11.2;    5.0;    4.5;eor
        691;20240420;   10;  10.3;   4.1;    9;   0.7;   6;    7.600;-999;   6.0;   6.3; 1016.70;    6.7;   65.00;   10.7;    0.9;   -1.4;eor
        691;20240421;   10;  12.9;   4.3;    9;   0.0;   0;    8.600;-999;   5.6;   6.2; 1023.80;    5.7;   70.00;   10.6;    1.1;   -0.7;eor
        691;20240422;   10;   7.0;   2.3;    9;   0.0;   6;    5.700;-999;   7.1;   5.6; 1024.40;    4.5;   69.00;    8.9;   -0.3;   -3.3;eor
        691;20240423;   10;  12.9;   2.9;    9;   1.9;   6;    5.700;-999;   5.3;   5.8; 1017.40;    4.6;   72.00;    9.8;   -2.7;   -4.8;eor
        691;20240424;   10;  11.7;   3.9;    9;   7.4;   6;    2.100;-999;   7.3;   7.4; 1004.60;    5.0;   85.00;    8.4;    1.8;    0.5;eor
        691;20240425;   10;  11.1;   3.5;    9;   4.0;   6;    3.200;-999;   7.5;   7.2; 1003.40;    5.8;   79.00;   10.6;    0.7;   -1.1;eor
        691;20240426;   10;   9.8;   3.6;    9;   0.6;   6;    4.700;-999;   7.1;   8.2; 1003.40;    7.8;   79.00;   12.9;    4.3;    2.3;eor
        691;20240427;   10;  11.5;   3.2;    9;   1.9;   6;    7.400;-999;   7.1;  10.6; 1007.30;   11.5;   78.00;   17.6;    5.0;    3.4;eor
        691;20240428;   10;  14.1;   5.1;    9;   0.0;   6;    4.100;-999;   7.8;  10.4; 1009.20;   14.8;   62.00;   20.7;    8.2;    5.1;eor
        691;20240429;   10;  10.8;   3.1;    9;   0.0;   6;    9.900;-999;   6.2;  10.0; 1020.00;   13.8;   66.00;   19.6;    4.2;    1.8;eor
        691;20240430;   10;   7.9;   3.3;    9;   0.0;   0;   11.300;-999;   5.8;  13.6; 1016.10;   18.7;   64.00;   24.8;   13.5;   12.2;eor
        691;20240501;    3;  10.6;   4.2;    3;   0.0;   0;   12.300;-999;   3.9;  14.0; 1007.70;   19.4;   65.00;   25.8;   12.4;   10.8;eor
        691;20240502;    3;  13.5;   5.2;    3;   0.0;   0;   13.700;-999;   2.7;  13.3; 1001.40;   20.3;   57.00;   26.0;   14.1;   12.7;eor
        691;20240503;    3;  10.3;   4.2;    3;   0.0;   6;    0.400;-999;   6.3;  13.1; 1008.10;   14.6;   79.00;   17.7;   10.3;    9.3;eor
        691;20240504;    3;   6.7;   2.3;    3;   6.7;   6;    7.300;-999;   7.4;  10.6; 1014.00;   13.5;   71.00;   18.6;    7.2;    4.5;eor
        691;20240505;    3;  15.1;   5.1;    3;   1.0;   6;    1.900;-999;   7.0;  11.5; 1006.90;   11.5;   85.00;   14.7;    6.2;    3.6;eor
        691;20240506;    3;   7.7;   2.1;    3;   0.0;   0;   10.800;-999;   5.8;   9.8; 1009.40;   12.4;   71.00;   20.1;    3.3;    1.9;eor
        691;20240507;    3;   7.7;   2.4;    3;   0.3;   6;    3.200;-999;   7.0;  11.6; 1018.50;   12.6;   80.00;   17.7;    8.1;    5.6;eor
        691;20240508;    3;   8.1;   2.7;    3;   0.0;   0;   13.400;-999;   2.0;   9.6; 1025.70;   13.4;   65.00;   19.8;    5.9;    3.8;eor
        691;20240509;    3;   6.7;   2.4;    3;   0.0;   0;    8.100;-999;   6.1;  11.4; 1026.20;   12.8;   79.00;   19.6;    5.1;    3.9;eor
        691;20240510;    3;   9.3;   2.8;    3;   0.0;   0;   14.000;-999;   5.0;  12.0; 1023.80;   14.4;   75.00;   20.4;    6.8;    5.7;eor
        691;20240511;    3;   8.6;   3.3;    3;   0.0;   0;   13.000;-999;   2.7;  10.8; 1023.30;   15.6;   63.00;   21.4;   11.0;    8.1;eor
        691;20240512;    3;  10.8;   4.5;    3;   0.0;   0;   14.700;-999;   1.0;  11.2; 1019.40;   16.0;   64.00;   21.5;    9.2;    7.2;eor
        691;20240513;    3;  12.2;   4.9;    3;   0.0;   0;   14.800;-999;   0.4;  11.2; 1012.50;   19.6;   50.00;   26.3;   12.4;   10.3;eor
        691;20240514;    3;  14.7;   5.8;    3;   0.0;   0;   15.200;-999;   0.0;   9.5; 1009.00;   20.6;   40.00;   26.1;   14.0;   12.1;eor
        691;20240515;    3;  18.0;   6.2;    3;   0.0;   0;   14.500;-999;   0.0;   9.2; 1007.50;   21.0;   38.00;   26.9;   13.7;   11.5;eor
        691;20240516;    3;  14.1;   5.6;    3;   0.0;   6;    9.500;-999;   4.0;  12.0; 1006.40;   19.7;   53.00;   24.7;   15.2;   13.3;eor
        691;20240517;    3;  12.7;   4.9;    3;   0.0;   6;   10.500;-999;   6.3;  11.1; 1007.60;   20.4;   48.00;   25.6;   15.5;   12.4;eor
        691;20240518;    3;  11.3;   3.3;    3;   5.2;   6;    5.200;-999;   6.3;  12.1; 1009.80;   17.4;   63.00;   22.9;   13.5;   10.4;eor
        691;20240519;    3;   8.2;   2.0;    3;   6.2;   6;    2.800;-999;   6.3;  14.4; 1009.40;   14.9;   86.00;   20.4;    9.6;    8.3;eor
        691;20240520;    3;   9.6;   2.1;    3;   0.0;   6;    6.500;-999;   6.3;  14.6; 1010.80;   16.4;   80.00;   21.4;    9.3;    8.3;eor
        691;20240521;    3;  12.0;   5.2;    3;   9.0;   6;   10.400;-999;   4.8;  15.8; 1008.80;   19.1;   73.00;   24.8;   12.7;   11.7;eor
        691;20240522;    3;   8.1;   2.8;    3;   5.9;   6;    0.000;-999;   7.7;  16.6; 1007.40;   16.1;   91.00;   18.5;   13.7;   12.9;eor
        691;20240523;    3;   9.8;   3.1;    3;   0.0;   0;   10.800;-999;   4.5;  13.9; 1013.80;   16.1;   77.00;   19.9;   11.5;    9.1;eor
        691;20240524;    3;  12.7;   2.7;    3;  32.6;   6;   10.000;-999;   5.7;  14.4; 1018.00;   16.7;   78.00;   23.7;    9.2;    7.1;eor
        691;20240525;    3;   7.2;   2.6;    3;   0.0;   6;    3.500;-999;   7.3;  16.0; 1016.50;   17.0;   83.00;   21.7;   12.5;   11.2;eor
        691;20240526;    3;  12.9;   2.2;    3;   0.6;   6;   10.500;-999;   5.2;  15.0; 1015.60;   18.2;   74.00;   24.3;    9.7;    9.3;eor
        691;20240527;    3;   6.7;   2.4;    3;   4.4;   6;    4.500;-999;   7.6;  15.0; 1015.60;   16.6;   80.00;   20.8;   13.0;   12.3;eor
        691;20240528;    3;  10.8;   4.0;    3;   5.6;   6;    7.600;-999;   6.0;  12.4; 1015.30;   15.1;   74.00;   19.4;   11.0;   10.3;eor
        691;20240529;    3;  12.7;   4.2;    3;  13.4;   6;    2.200;-999;   7.3;  14.8; 1008.30;   14.5;   90.00;   18.3;   10.9;    9.6;eor
        691;20240530;    3;  12.5;   2.0;    3;   0.7;   6;    7.900;-999;   4.4;  13.4; 1005.40;   15.3;   78.00;   21.1;    8.6;    7.2;eor
        691;20240531;    3;  11.7;   4.2;    3;   0.3;   6;    2.200;-999;   7.8;  15.9; 1008.70;   16.0;   87.00;   19.8;   13.1;   13.0;eor
        691;20240601;    3;  11.7;   4.4;    3;   0.0;   0;   11.467;-999;   6.1;  17.4; 1013.78;   18.8;   81.00;   24.3;   12.5;   11.7;eor
        691;20240602;    3;  12.2;   6.2;    3;   0.0;   0;    0.017;-999;   8.0;  13.1; 1019.20;   14.7;   78.17;   16.5;   12.3;   11.9;eor
        691;20240603;    3;   8.2;   3.8;    3;   0.0;   6;    0.650;-999;   7.9;  12.0; 1017.92;   14.1;   74.42;   17.8;   11.7;   11.3;eor
        691;20240604;    3;   9.1;   3.2;    3;   2.2;   6;    1.683;-999;   7.4;  14.8; 1011.98;   15.6;   83.71;   18.7;   13.6;   13.4;eor
        691;20240605;    3;  13.9;   4.7;    3;   0.0;   0;    8.467;-999;   5.4;  11.0; 1010.17;   14.1;   69.04;   18.6;    6.5;    3.9;eor
        691;20240606;    3;   8.7;   2.9;    3;   0.0;   0;    8.633;-999;   6.7;   9.6; 1016.27;   12.6;   67.88;   18.6;    5.7;    3.5;eor
        691;20240607;    3;  10.8;   2.6;    3;   0.0;   6;    6.550;-999;   4.8;  10.4; 1017.05;   12.6;   73.54;   19.4;    4.9;    3.7;eor
        691;20240608;    3;  13.0;   3.8;    3;   0.4;   6;    7.317;-999;   4.9;  11.3; 1010.68;   13.5;   74.83;   20.8;    7.4;    5.1;eor
        691;20240609;    3;  16.1;   5.4;    3;   0.0;   0;    7.300;-999;   4.1;   9.8; 1008.19;   11.9;   72.63;   18.3;    5.5;    2.7;eor
        691;20240610;    3;  12.3;   3.2;    3;  16.1;   6;    1.200;-999;   7.8;  11.8; 1004.39;   11.0;   89.50;   13.6;    7.4;    5.8;eor
        691;20240611;    3;  18.3;   6.2;    3;   7.2;   6;    4.233;-999;   7.7;  11.3; 1010.68;   11.1;   85.08;   15.3;    8.5;    8.1;eor
        691;20240612;    3;  13.5;   4.3;    3;   3.7;   6;    5.600;-999;   7.0;  10.6; 1016.25;   10.8;   82.00;   15.1;    6.3;    5.0;eor
        691;20240613;    3;   7.2;   3.0;    3;   0.0;   6;    2.883;-999;   6.8;  10.3; 1015.86;   12.0;   74.25;   16.3;    6.0;    4.1;eor
        691;20240614;    3;  13.5;   4.6;    3;   0.1;   6;    2.550;-999;   7.9;  12.1; 1007.54;   16.2;   66.00;   20.9;   11.6;   10.6;eor
        691;20240615;    3;  18.5;   5.5;    3;   3.7;   6;    4.133;-999;   7.0;  12.5; 1002.65;   15.2;   73.08;   18.8;   11.7;   10.3;eor
        691;20240616;    3;  16.1;   3.6;    3;   3.7;   6;    3.233;-999;   7.5;  13.1; 1006.58;   15.2;   76.21;   20.2;   11.5;    8.7;eor
        691;20240617;    3;   9.3;   2.9;    3;   0.1;   6;    5.867;-999;   6.9;  14.6; 1010.73;   16.3;   79.92;   22.0;   10.3;    8.2;eor
        691;20240618;    3;   6.2;   1.6;    3;  12.1;   6;    1.900;-999;   7.6;  15.3; 1013.63;   15.8;   86.04;   21.6;    8.7;    7.7;eor
        691;20240619;    3;  11.8;   4.2;    3;   0.0;   0;   10.617;-999;   4.7;  12.9; 1017.78;   15.5;   74.08;   19.6;    8.9;    7.1;eor
        691;20240620;    3;   7.4;   2.0;    3;   0.0;   6;   11.250;-999;   5.8;  12.3; 1020.48;   15.7;   70.83;   22.2;    6.1;    5.0;eor
        691;20240621;    3;  12.0;   2.9;    3;   6.1;   6;    0.567;-999;   7.7;  18.0; 1010.78;   18.7;   82.75;   23.5;   15.0;   14.7;eor
        691;20240622;    3;  13.2;   4.7;    3;   3.1;   6;    5.050;-999;   5.9;  15.3; 1011.06;   17.0;   80.00;   21.9;   11.8;    9.7;eor
        691;20240623;    3;  11.5;   2.9;    3;   0.0;   0;   10.333;-999;   3.1;  14.0; 1018.17;   17.2;   73.33;   23.0;   10.8;    9.1;eor
        691;20240624;    3;   6.7;   1.9;    3;   0.0;   0;   12.983;-999;   1.3;  15.0; 1019.87;   18.7;   71.17;   24.9;   10.0;    8.2;eor
        691;20240625;    3;   8.7;   3.0;    3;   0.0;   0;   15.983;-999;   0.3;  16.1; 1016.50;   22.2;   63.13;   28.5;   14.0;   11.9;eor
        691;20240626;    3;   8.7;   3.0;    3;   0.0;   0;   15.650;-999;   0.3;  17.8; 1011.69;   23.9;   62.04;   30.1;   15.2;   13.4;eor
        691;20240627;    3;  20.2;   2.5;    3;  23.2;   6;    8.267;-999;   3.3;  22.0; 1007.33;   23.5;   77.00;   30.4;   18.5;   16.7;eor
        691;20240628;    3;  12.5;   4.9;    3;   0.0;   0;   10.483;-999;   5.0;  15.6; 1012.87;   19.7;   68.88;   23.3;   13.2;   11.2;eor
        691;20240629;    3;   9.1;   2.4;    3;  16.2;   6;   12.400;-999;   5.6;  14.8; 1013.85;   20.0;   66.83;   26.9;   11.5;    9.5;eor
        691;20240630;    3;   9.9;   4.1;    3;  19.3;   6;    2.033;-999;   7.4;  17.4; 1006.57;   17.9;   85.25;   21.9;   14.6;   13.2;eor
        691;20240701;    3;  13.5;   2.9;    3;  11.9;   6;    1.500;-999;   7.9;  14.8; 1012.01;   14.9;   87.88;   18.4;   13.0;   12.5;eor
        691;20240702;    3;  11.8;   4.5;    3;   3.7;   6;    0.300;-999;   7.7;  14.2; 1011.26;   13.9;   89.50;   17.6;   11.8;   11.5;eor
        691;20240703;    3;  12.0;   4.3;    3;   4.2;   6;    1.367;-999;   6.8;  12.2; 1008.15;   13.3;   80.79;   16.8;   10.5;    9.4;eor
        691;20240704;    3;  16.8;   6.1;    3;   3.6;   6;    7.600;-999;   5.3;  12.1; 1004.72;   14.9;   72.42;   19.4;   10.2;    8.4;eor
        691;20240705;    3;  12.9;   5.3;    3;   0.9;   6;    3.600;-999;   6.1;  13.2; 1007.61;   14.8;   77.25;   18.7;    9.9;    8.2;eor
        691;20240706;    3;  20.6;   7.0;    3;   1.2;   6;    7.283;-999;   7.2;  14.5; 1001.20;   18.7;   67.17;   25.5;   12.5;   11.2;eor
        691;20240707;    3;  12.7;   4.8;    3;   1.0;   6;    9.717;-999;   5.1;  12.0; 1011.51;   15.8;   68.63;   20.9;   11.0;    9.4;eor
        691;20240708;    3;   8.9;   3.3;    3;   0.0;   6;    9.950;-999;   6.0;  13.8; 1016.85;   17.9;   68.71;   22.7;   12.6;   11.8;eor
        691;20240709;    3;  14.2;   3.4;    3;   0.0;   6;   12.350;-999;   7.3;  16.9; 1014.84;   23.3;   60.50;   29.3;   15.7;   15.0;eor
        691;20240710;    3;   9.8;   3.1;    3;   0.4;   6;    4.383;-999;   7.0;  19.3; 1013.69;   21.0;   78.54;   26.3;   17.2;   16.1;eor
        691;20240711;    3;  10.5;   3.4;    3;   0.0;   0;    8.033;-999;   5.3;  15.4; 1015.88;   19.3;   70.83;   24.3;   13.5;   12.2;eor
        691;20240712;    3;  13.7;   5.0;    3;   2.2;   6;    4.083;-999;   6.8;  16.4; 1010.00;   17.5;   82.13;   22.8;   12.4;   10.3;eor
        691;20240713;    3;  14.4;   6.2;    3;   0.1;   6;    2.833;-999;   7.0;  14.5; 1009.55;   15.6;   82.25;   19.3;   12.5;   10.8;eor
        691;20240714;    3;  12.7;   4.5;    3;   0.0;   6;   11.450;-999;   4.3;  13.1; 1011.51;   17.0;   69.71;   23.3;    9.8;    8.5;eor
        691;20240715;    3;   9.8;   3.1;    3;   0.0;   6;   11.600;-999;   4.4;  13.5; 1011.39;   19.1;   63.54;   26.2;   10.6;    8.2;eor
        691;20240716;    3;  12.3;   4.3;    3;   5.2;   6;    7.767;-999;   5.6;  16.7; 1009.26;   19.8;   73.96;   25.7;   15.1;   14.4;eor
        691;20240717;    3;  12.7;   5.2;    3;   0.7;   6;    2.783;-999;   5.8;  16.1; 1017.84;   17.6;   80.29;   21.2;   12.3;   10.7;eor
        691;20240718;    3;   5.7;   1.8;    3;   0.0;   0;   13.150;-999;   4.1;  16.1; 1022.48;   19.6;   73.04;   25.8;   10.7;    8.9;eor
        691;20240719;    3;   7.4;   2.3;    3;   0.0;   0;   10.567;-999;   5.5;  16.7; 1019.39;   22.0;   66.08;   27.8;   14.3;   12.2;eor
        691;20240720;    3;  10.5;   3.5;    3;   0.0;   0;   13.767;-999;   3.4;  16.6; 1010.57;   24.1;   58.38;   30.1;   16.7;   14.8;eor
        691;20240721;    3;  15.9;   2.8;    3;  20.7;   6;    6.183;-999;   6.8;  20.2; 1006.77;   22.4;   76.63;   31.2;   18.3;   16.7;eor
        691;20240722;    3;  10.8;   4.5;    3;   0.0;   6;    5.167;-999;   6.6;  16.8; 1014.22;   19.6;   74.58;   23.1;   16.5;   15.2;eor
        691;20240723;    3;  14.7;   3.7;    3;  13.4;   6;    3.483;-999;   6.8;  18.2; 1014.70;   19.4;   81.04;   24.5;   16.4;   15.5;eor
        691;20240724;    3;  10.8;   4.4;    3;   0.0;   0;    8.250;-999;   5.1;  14.9; 1018.05;   17.4;   75.67;   22.2;   10.9;    8.4;eor
        691;20240725;    3;   9.3;   2.0;    3;   2.3;   6;    9.383;-999;   5.2;  13.4; 1014.14;   17.5;   69.83;   24.1;    8.3;    6.5;eor
        691;20240726;    3;  11.8;   3.7;    3;   1.8;   6;    1.433;-999;   7.7;  18.2; 1009.88;   18.6;   85.13;   23.1;   14.0;   12.8;eor
        691;20240727;    3;   5.3;   1.7;    3;   4.1;   6;    5.733;-999;   6.5;  16.9; 1013.43;   18.7;   80.29;   24.2;   12.0;   11.0;eor
        691;20240728;    3;  11.5;   4.2;    3;   0.0;   6;   11.917;-999;   3.1;  15.7; 1022.14;   18.3;   75.50;   22.9;   11.5;    9.9;eor
        691;20240729;    3;   5.7;   1.7;    3;   0.0;   0;   15.033;-999;   0.5;  13.2; 1023.88;   18.0;   67.83;   25.0;    8.2;    7.7;eor
        691;20240730;    1;   7.4;   2.1;    1;   0.0;   0;   12.900;-999;   3.9;  15.5; 1016.99;   21.9;   60.54;   29.9;   13.6;   11.1;eor
        691;20240731;    1;   8.7;   2.8;    1;   0.0;   0;   14.317;-999;   2.8;  16.1; 1014.63;   21.3;   65.13;   26.8;   14.7;   13.8;eor
        691;20240801;    1;   8.6;   3.8;    1;   0.0;   6;   11.233;-999;   4.1;  15.4; 1012.64;   18.9;   70.75;   24.9;   13.4;   12.3;eor
        691;20240802;    1;   7.2;   2.6;    1;   0.0;   6;   10.967;-999;   4.0;  14.7; 1011.96;   19.1;   68.13;   24.2;   14.6;   12.5;eor
        691;20240803;    1;   8.9;   2.3;    1;   4.8;   6;    7.417;-999;   5.6;  17.6; 1010.45;   19.5;   78.79;   26.1;   12.4;   10.5;eor
        691;20240804;    1;  11.8;   4.4;    1;   0.0;   6;    7.917;-999;   6.1;  15.7; 1012.32;   18.0;   76.63;   21.4;   12.8;   10.9;eor
        691;20240805;    1;   7.2;   1.7;    1;   0.0;   0;    4.833;-999;   7.0;  15.0; 1014.39;   19.0;   69.54;   24.5;   13.3;   12.9;eor
        691;20240806;    1;  10.6;   2.5;    1;   0.0;   0;   12.567;-999;   3.4;  17.4; 1011.06;   22.3;   65.42;   28.2;   15.5;   13.8;eor
        691;20240807;    1;   8.7;   2.3;    1;  -999;   6;    4.633;-999;   6.4;  19.3; 1010.31;   20.2;   81.92;   25.9;   13.4;   11.9;eor
        691;20240808;    1;   8.2;   2.7;    1;   0.3;   6;    5.550;-999;   6.0;  16.0; 1014.62;   18.0;   79.00;   23.8;   12.0;   11.2;eor
        691;20240809;    1;  13.5;   5.5;    1;   0.0;   6;    2.717;-999;   6.4;  17.3; 1012.41;   19.2;   77.88;   24.5;   12.5;    9.4;eor
        691;20240810;    1;  11.8;   4.1;    1;   0.0;   6;    8.783;-999;   4.8;  15.4; 1018.08;   18.9;   72.17;   24.4;   11.6;    8.8;eor
        691;20240811;    1;   9.3;   2.6;    1;   0.0;   0;   11.350;-999;   3.4;  15.3; 1020.99;   19.1;   71.08;   25.5;   13.1;   10.6;eor
        691;20240812;    1;   8.2;   3.6;    1;   0.0;   0;   14.333;-999;   0.0;  15.0; 1014.63;   20.7;   63.21;   28.1;   12.0;    9.9;eor
        691;20240813;    1;  19.4;   4.1;    1;  15.5;   6;   12.883;-999;   2.8;  19.5; 1009.47;   25.8;   58.75;   33.0;   19.3;   17.9;eor
        691;20240814;    1;  10.3;   2.0;    1;   4.2;   6;    2.417;-999;   7.5;  21.5; 1011.16;   20.5;   89.25;   23.1;   17.1;   16.3;eor
        691;20240815;    1;   8.7;   3.1;    1;   0.1;   6;    5.500;-999;   6.8;  20.6; 1014.25;   20.9;   83.88;   24.7;   17.1;   15.5;eor
        691;20240816;    1;  10.3;   3.7;    1;   7.7;   6;    1.783;-999;   7.0;  19.8; 1013.54;   19.6;   86.92;   22.9;   16.9;   14.9;eor
        691;20240817;    1;   6.2;   1.9;    1;   0.1;   6;    1.733;-999;   7.5;  16.6; 1012.73;   17.9;   80.88;   22.1;   12.2;   10.6;eor
        691;20240818;    1;   6.9;   2.0;    1;   1.1;   6;    2.617;-999;   7.1;  15.1; 1011.67;   16.6;   81.08;   21.6;   12.0;   10.9;eor
        691;20240819;    1;   5.7;   1.9;    1;   0.0;   0;   12.017;-999;   2.3;  13.7; 1017.20;   17.2;   71.42;   22.2;   11.7;    9.6;eor
        691;20240820;    1;  10.1;   3.1;    1;   1.3;   6;    9.800;-999;   5.1;  16.0; 1011.15;   19.3;   72.92;   25.3;   13.4;   11.9;eor
        691;20240821;    1;  18.7;   5.9;    1;   0.0;   6;    7.233;-999;   6.3;  13.6; 1012.70;   16.0;   75.13;   19.8;   11.0;    9.1;eor
        691;20240822;    1;  13.7;   5.1;    1;   0.0;   6;    3.883;-999;   8.0;  13.4; 1009.85;   17.9;   66.13;   22.7;   12.9;   12.3;eor
        691;20240823;    1;  18.3;   5.9;    1;   0.8;   6;    5.417;-999;   7.3;  16.1; 1005.81;   19.8;   69.63;   24.9;   14.0;   11.6;eor
        691;20240824;    1;  19.0;   4.8;    1;  11.0;   6;    8.433;-999;   5.2;  19.4; 1006.88;   21.5;   76.88;   28.9;   15.8;   14.4;eor
        691;20240825;    1;  14.1;   5.4;    1;   0.0;   0;    8.733;-999;   3.8;  13.9; 1016.56;   16.9;   72.75;   20.7;   11.5;    9.2;eor
        691;20240826;    1;  10.5;   3.6;    1;   0.0;   0;   10.650;-999;   3.2;  13.1; 1021.32;   16.3;   71.88;   22.0;   10.2;    7.9;eor
        691;20240827;    1;   9.8;   2.4;    1;   0.0;   0;   12.850;-999;   4.1;  13.8; 1021.83;   18.5;   67.38;   25.0;   11.1;    8.5;eor
        691;20240828;    1;   8.7;   2.9;    1;   0.0;   0;   13.083;-999;   0.3;  16.5; 1016.64;   21.7;   64.04;   28.6;   12.6;    9.2;eor
        691;20240829;    1;  10.5;   3.4;    1;   2.8;   6;   10.817;-999;   4.3;  19.5; 1015.13;   23.1;   71.29;   30.9;   16.2;   14.3;eor
        691;20240830;    1;   9.1;   2.8;    1;   0.0;   6;    2.950;-999;   7.8;  15.4; 1022.11;   17.6;   77.71;   21.2;   13.3;   11.5;eor
        691;20240831;    1;   8.6;   4.3;    1;   0.0;   0;    5.983;-999;   5.5;  13.3; 1024.91;   16.6;   71.38;   21.7;   11.2;    9.5;eor
        691;20240901;    1;  10.6;   4.6;    1;   0.0;   0;   12.467;-999;   1.4;  14.8; 1019.15;   19.4;   66.71;   25.4;   13.4;   12.1;eor
        691;20240902;    1;   9.9;   3.9;    1;   0.0;   0;   11.400;-999;   4.5;  15.6; 1013.38;   20.5;   65.29;   25.9;   13.8;   12.1;eor
        691;20240903;    1;   6.7;   1.9;    1;   0.0;   6;    9.517;-999;   6.8;  19.1; 1013.30;   21.6;   74.67;   28.7;   16.5;   14.8;eor
        691;20240904;    1;  10.5;   2.6;    1;  37.9;   6;    0.250;-999;   7.8;  21.9; 1014.54;   20.3;   92.13;   24.1;   17.7;   17.1;eor
        691;20240905;    1;  11.8;   5.0;    1;   0.0;   0;   12.050;-999;   1.0;  17.4; 1012.82;   23.2;   64.63;   30.5;   17.3;   16.4;eor
        691;20240906;    1;  11.3;   4.6;    1;   0.0;   0;    7.867;-999;   3.5;  14.8; 1012.60;   22.5;   54.71;   27.6;   18.1;   15.1;eor
        691;20240907;    1;   5.7;   2.1;    1;   0.0;   0;    8.700;-999;   7.0;  17.9; 1011.77;   21.8;   68.50;   27.7;   15.6;   13.5;eor
        691;20240908;    1;   8.2;   2.4;    1;   1.4;   6;    3.767;-999;   6.6;  18.5; 1007.47;   19.6;   81.63;   25.7;   16.2;   14.0;eor
        691;20240909;    1;  11.3;   3.1;    1;   0.0;   6;    2.983;-999;   7.9;  16.4; 1002.84;   17.5;   83.50;   22.2;   14.1;   13.2;eor
        691;20240910;    1;  15.6;   6.0;    1;  13.4;   6;    1.933;-999;   7.0;  13.1; 1005.65;   14.3;   80.71;   18.3;   10.4;    8.9;eor
        691;20240911;    1;  17.8;   4.4;    1;   1.3;   6;    6.183;-999;   4.8;  11.1; 1002.72;   11.0;   85.17;   15.6;    6.4;    4.9;eor
        691;20240912;    1;  10.1;   2.9;    1;   0.0;   6;    8.050;-999;   4.3;  10.0; 1011.50;    9.6;   83.88;   15.2;    4.9;    2.6;eor
        691;20240913;    1;  11.8;   3.3;    1;   0.0;   6;    6.817;-999;   5.5;  10.1; 1021.74;   10.9;   78.67;   16.5;    3.7;    2.6;eor
        691;20240914;    1;  11.0;   3.6;    1;   0.0;   0;    7.483;-999;   4.7;  10.2; 1028.03;   12.1;   73.75;   17.1;    6.9;    4.6;eor
        691;20240915;    1;   6.7;   2.0;    1;   0.0;   0;    3.100;-999;   6.9;  12.2; 1025.62;   12.9;   81.88;   17.0;    6.3;    6.0;eor
        691;20240916;    1;   9.8;   3.6;    1;   0.0;   0;    9.033;-999;   5.6;  15.0; 1024.07;   16.8;   79.13;   21.3;   13.4;   12.8;eor
        691;20240917;    1;   9.1;   3.7;    1;   0.0;   0;    3.317;-999;   6.5;  14.7; 1028.87;   15.9;   81.58;   20.0;   12.4;    9.4;eor
        691;20240918;    1;   7.4;   3.5;    1;   0.0;   0;    6.600;-999;   4.7;  16.1; 1029.46;   16.8;   84.00;   22.5;   13.7;   12.8;eor
        691;20240919;    1;   7.7;   4.1;    1;   0.0;   6;    4.400;-999;   5.9;  16.3; 1026.85;   16.6;   86.08;   20.5;   14.0;   13.8;eor
        691;20240920;    1;  12.0;   4.6;    1;   0.0;   0;   11.350;-999;   0.6;  13.3; 1024.57;   17.1;   70.04;   23.1;   11.6;    8.8;eor
        691;20240921;    1;   9.1;   2.9;    1;   0.0;   0;   11.417;-999;   0.8;  12.3; 1021.29;   16.3;   67.50;   23.2;    9.7;    6.8;eor
        691;20240922;    1;   5.3;   1.7;    1;   0.0;   0;   10.417;-999;   2.0;  13.5; 1015.22;   16.4;   74.08;   23.9;    9.4;    6.8;eor
        691;20240923;    1;   4.6;   1.8;    1;   0.7;   6;    1.100;-999;   7.0;  15.2; 1007.95;   15.4;   86.38;   20.7;   10.6;    7.8;eor
        691;20240924;    1;   8.7;   2.9;    1;   1.6;   6;    1.300;-999;   7.3;  14.5; 1002.17;   15.3;   83.96;   19.0;   12.6;   10.3;eor
        691;20240925;    1;  11.8;   3.9;    1;   9.5;   6;    0.300;-999;   7.3;  14.4; 1001.66;   13.8;   90.63;   15.8;   11.9;   10.6;eor
        691;20240926;    1;  14.6;   5.4;    1;  16.7;   6;    2.917;-999;   7.2;  15.2;  990.30;   15.4;   86.92;   19.3;   12.4;   11.4;eor
        691;20240927;    1;  24.2;   9.0;    1;   5.9;   6;    4.450;-999;   6.3;  11.8;  993.40;   13.6;   76.42;   17.0;    9.8;    8.5;eor
        691;20240928;    1;  13.5;   5.3;    1;   0.4;   6;    6.933;-999;   3.8;   9.4; 1015.28;    9.5;   80.13;   13.4;    5.5;    3.2;eor
        691;20240929;    1;   7.5;   2.5;    1;   0.0;   0;    9.033;-999;   4.1;   9.2; 1026.07;    9.9;   77.25;   15.4;    4.1;    1.8;eor
        691;20240930;    1;  15.1;   6.5;    1;  21.7;   6;    7.633;-999;   6.6;   9.5; 1015.21;   11.3;   71.21;   14.9;    8.2;    6.7;eor
        691;20241001;    1;  11.3;   4.0;    1;   9.3;   6;    0.833;-999;   7.2;  13.2; 1006.90;   12.4;   91.88;   15.5;    9.8;    9.6;eor
        691;20241002;    1;  11.5;   4.8;    1;   0.0;   6;    0.233;-999;   6.3;  10.4; 1012.14;   10.1;   84.21;   13.6;    8.1;    6.1;eor
        691;20241003;    1;   9.4;   3.7;    1;   0.0;   0;    4.833;-999;   3.6;   9.1; 1019.01;    9.9;   75.38;   14.1;    3.8;    1.8;eor
        691;20241004;    1;   8.7;   1.8;    1;   0.0;   0;    9.283;-999;   1.0;   8.8; 1021.33;    8.1;   82.92;   15.6;    1.5;    0.6;eor
        691;20241005;    1;   5.1;   1.6;    1;   0.0;   0;    9.733;-999;   1.8;   8.9; 1019.58;    8.2;   83.25;   15.3;    0.6;   -0.8;eor
        691;20241006;    1;   9.3;   3.5;    1;   0.5;   6;    7.683;-999;   3.8;   9.7; 1010.30;    9.3;   83.33;   14.4;    3.0;    1.5;eor
        691;20241007;    1;   9.6;   3.7;    1;   0.6;   6;    5.783;-999;   6.3;  12.2; 1002.36;   12.7;   83.25;   19.1;    7.8;    6.8;eor
        691;20241008;    1;   9.8;   3.9;    1;   0.4;   6;    3.550;-999;   7.8;  14.7;  998.88;   15.3;   84.63;   20.2;   12.1;   10.7;eor
        691;20241009;    1;  10.1;   3.7;    1;  23.4;   6;    2.117;-999;   7.3;  14.3;  991.00;   14.2;   88.42;   17.1;   12.0;   10.4;eor
        691;20241010;    1;  16.5;   5.5;    1;   4.3;   6;    1.100;-999;   5.9;  12.1;  993.73;   11.4;   87.96;   14.6;    4.7;    2.9;eor
